714 	 315 
3 	1 	22 	43 	
3 	2 	23 	44 	
3 	3 	24 	45 	
3 	4 	25 	46 	
3 	5 	26 	47 	
3 	6 	27 	48 	
3 	7 	28 	49 	
3 	8 	29 	50 	
3 	9 	30 	51 	
3 	10 	31 	52 	
3 	11 	32 	53 	
3 	12 	33 	54 	
3 	13 	34 	55 	
3 	14 	35 	56 	
3 	15 	36 	57 	
3 	16 	37 	58 	
3 	17 	38 	59 	
3 	18 	39 	60 	
3 	19 	40 	61 	
3 	20 	41 	62 	
3 	21 	42 	63 	
3 	1 	26 	57 	
3 	2 	27 	58 	
3 	3 	28 	59 	
3 	4 	29 	60 	
3 	5 	30 	61 	
3 	6 	31 	62 	
3 	7 	32 	63 	
3 	8 	33 	43 	
3 	9 	34 	44 	
3 	10 	35 	45 	
3 	11 	36 	46 	
3 	12 	37 	47 	
3 	13 	38 	48 	
3 	14 	39 	49 	
3 	15 	40 	50 	
3 	16 	41 	51 	
3 	17 	42 	52 	
3 	18 	22 	53 	
3 	19 	23 	54 	
3 	20 	24 	55 	
3 	21 	25 	56 	
3 	1 	27 	61 	
3 	2 	28 	62 	
3 	3 	29 	63 	
3 	4 	30 	43 	
3 	5 	31 	44 	
3 	6 	32 	45 	
3 	7 	33 	46 	
3 	8 	34 	47 	
3 	9 	35 	48 	
3 	10 	36 	49 	
3 	11 	37 	50 	
3 	12 	38 	51 	
3 	13 	39 	52 	
3 	14 	40 	53 	
3 	15 	41 	54 	
3 	16 	42 	55 	
3 	17 	22 	56 	
3 	18 	23 	57 	
3 	19 	24 	58 	
3 	20 	25 	59 	
3 	21 	26 	60 	
3 	1 	29 	55 	
3 	2 	30 	56 	
3 	3 	31 	57 	
3 	4 	32 	58 	
3 	5 	33 	59 	
3 	6 	34 	60 	
3 	7 	35 	61 	
3 	8 	36 	62 	
3 	9 	37 	63 	
3 	10 	38 	43 	
3 	11 	39 	44 	
3 	12 	40 	45 	
3 	13 	41 	46 	
3 	14 	42 	47 	
3 	15 	22 	48 	
3 	16 	23 	49 	
3 	17 	24 	50 	
3 	18 	25 	51 	
3 	19 	26 	52 	
3 	20 	27 	53 	
3 	21 	28 	54 	
3 	1 	39 	54 	
3 	2 	40 	55 	
3 	3 	41 	56 	
3 	4 	42 	57 	
3 	5 	22 	58 	
3 	6 	23 	59 	
3 	7 	24 	60 	
3 	8 	25 	61 	
3 	9 	26 	62 	
3 	10 	27 	63 	
3 	11 	28 	43 	
3 	12 	29 	44 	
3 	13 	30 	45 	
3 	14 	31 	46 	
3 	15 	32 	47 	
3 	16 	33 	48 	
3 	17 	34 	49 	
3 	18 	35 	50 	
3 	19 	36 	51 	
3 	20 	37 	52 	
3 	21 	38 	53 	
3 	64 	85 	106 	
3 	65 	86 	107 	
3 	66 	87 	108 	
3 	67 	88 	109 	
3 	68 	89 	110 	
3 	69 	90 	111 	
3 	70 	91 	112 	
3 	71 	92 	113 	
3 	72 	93 	114 	
3 	73 	94 	115 	
3 	74 	95 	116 	
3 	75 	96 	117 	
3 	76 	97 	118 	
3 	77 	98 	119 	
3 	78 	99 	120 	
3 	79 	100 	121 	
3 	80 	101 	122 	
3 	81 	102 	123 	
3 	82 	103 	124 	
3 	83 	104 	125 	
3 	84 	105 	126 	
3 	64 	89 	120 	
3 	65 	90 	121 	
3 	66 	91 	122 	
3 	67 	92 	123 	
3 	68 	93 	124 	
3 	69 	94 	125 	
3 	70 	95 	126 	
3 	71 	96 	106 	
3 	72 	97 	107 	
3 	73 	98 	108 	
3 	74 	99 	109 	
3 	75 	100 	110 	
3 	76 	101 	111 	
3 	77 	102 	112 	
3 	78 	103 	113 	
3 	79 	104 	114 	
3 	80 	105 	115 	
3 	81 	85 	116 	
3 	82 	86 	117 	
3 	83 	87 	118 	
3 	84 	88 	119 	
3 	64 	90 	124 	
3 	65 	91 	125 	
3 	66 	92 	126 	
3 	67 	93 	106 	
3 	68 	94 	107 	
3 	69 	95 	108 	
3 	70 	96 	109 	
3 	71 	97 	110 	
3 	72 	98 	111 	
3 	73 	99 	112 	
3 	74 	100 	113 	
3 	75 	101 	114 	
3 	76 	102 	115 	
3 	77 	103 	116 	
3 	78 	104 	117 	
3 	79 	105 	118 	
3 	80 	85 	119 	
3 	81 	86 	120 	
3 	82 	87 	121 	
3 	83 	88 	122 	
3 	84 	89 	123 	
3 	64 	92 	118 	
3 	65 	93 	119 	
3 	66 	94 	120 	
3 	67 	95 	121 	
3 	68 	96 	122 	
3 	69 	97 	123 	
3 	70 	98 	124 	
3 	71 	99 	125 	
3 	72 	100 	126 	
3 	73 	101 	106 	
3 	74 	102 	107 	
3 	75 	103 	108 	
3 	76 	104 	109 	
3 	77 	105 	110 	
3 	78 	85 	111 	
3 	79 	86 	112 	
3 	80 	87 	113 	
3 	81 	88 	114 	
3 	82 	89 	115 	
3 	83 	90 	116 	
3 	84 	91 	117 	
3 	64 	102 	117 	
3 	65 	103 	118 	
3 	66 	104 	119 	
3 	67 	105 	120 	
3 	68 	85 	121 	
3 	69 	86 	122 	
3 	70 	87 	123 	
3 	71 	88 	124 	
3 	72 	89 	125 	
3 	73 	90 	126 	
3 	74 	91 	106 	
3 	75 	92 	107 	
3 	76 	93 	108 	
3 	77 	94 	109 	
3 	78 	95 	110 	
3 	79 	96 	111 	
3 	80 	97 	112 	
3 	81 	98 	113 	
3 	82 	99 	114 	
3 	83 	100 	115 	
3 	84 	101 	116 	
3 	127 	148 	169 	
3 	128 	149 	170 	
3 	129 	150 	171 	
3 	130 	151 	172 	
3 	131 	152 	173 	
3 	132 	153 	174 	
3 	133 	154 	175 	
3 	134 	155 	176 	
3 	135 	156 	177 	
3 	136 	157 	178 	
3 	137 	158 	179 	
3 	138 	159 	180 	
3 	139 	160 	181 	
3 	140 	161 	182 	
3 	141 	162 	183 	
3 	142 	163 	184 	
3 	143 	164 	185 	
3 	144 	165 	186 	
3 	145 	166 	187 	
3 	146 	167 	188 	
3 	147 	168 	189 	
3 	127 	152 	183 	
3 	128 	153 	184 	
3 	129 	154 	185 	
3 	130 	155 	186 	
3 	131 	156 	187 	
3 	132 	157 	188 	
3 	133 	158 	189 	
3 	134 	159 	169 	
3 	135 	160 	170 	
3 	136 	161 	171 	
3 	137 	162 	172 	
3 	138 	163 	173 	
3 	139 	164 	174 	
3 	140 	165 	175 	
3 	141 	166 	176 	
3 	142 	167 	177 	
3 	143 	168 	178 	
3 	144 	148 	179 	
3 	145 	149 	180 	
3 	146 	150 	181 	
3 	147 	151 	182 	
3 	127 	153 	187 	
3 	128 	154 	188 	
3 	129 	155 	189 	
3 	130 	156 	169 	
3 	131 	157 	170 	
3 	132 	158 	171 	
3 	133 	159 	172 	
3 	134 	160 	173 	
3 	135 	161 	174 	
3 	136 	162 	175 	
3 	137 	163 	176 	
3 	138 	164 	177 	
3 	139 	165 	178 	
3 	140 	166 	179 	
3 	141 	167 	180 	
3 	142 	168 	181 	
3 	143 	148 	182 	
3 	144 	149 	183 	
3 	145 	150 	184 	
3 	146 	151 	185 	
3 	147 	152 	186 	
3 	127 	155 	181 	
3 	128 	156 	182 	
3 	129 	157 	183 	
3 	130 	158 	184 	
3 	131 	159 	185 	
3 	132 	160 	186 	
3 	133 	161 	187 	
3 	134 	162 	188 	
3 	135 	163 	189 	
3 	136 	164 	169 	
3 	137 	165 	170 	
3 	138 	166 	171 	
3 	139 	167 	172 	
3 	140 	168 	173 	
3 	141 	148 	174 	
3 	142 	149 	175 	
3 	143 	150 	176 	
3 	144 	151 	177 	
3 	145 	152 	178 	
3 	146 	153 	179 	
3 	147 	154 	180 	
3 	127 	165 	180 	
3 	128 	166 	181 	
3 	129 	167 	182 	
3 	130 	168 	183 	
3 	131 	148 	184 	
3 	132 	149 	185 	
3 	133 	150 	186 	
3 	134 	151 	187 	
3 	135 	152 	188 	
3 	136 	153 	189 	
3 	137 	154 	169 	
3 	138 	155 	170 	
3 	139 	156 	171 	
3 	140 	157 	172 	
3 	141 	158 	173 	
3 	142 	159 	174 	
3 	143 	160 	175 	
3 	144 	161 	176 	
3 	145 	162 	177 	
3 	146 	163 	178 	
3 	147 	164 	179 	
3 	190 	211 	232 	
3 	191 	212 	233 	
3 	192 	213 	234 	
3 	193 	214 	235 	
3 	194 	215 	236 	
3 	195 	216 	237 	
3 	196 	217 	238 	
3 	197 	218 	239 	
3 	198 	219 	240 	
3 	199 	220 	241 	
3 	200 	221 	242 	
3 	201 	222 	243 	
3 	202 	223 	244 	
3 	203 	224 	245 	
3 	204 	225 	246 	
3 	205 	226 	247 	
3 	206 	227 	248 	
3 	207 	228 	249 	
3 	208 	229 	250 	
3 	209 	230 	251 	
3 	210 	231 	252 	
3 	190 	215 	246 	
3 	191 	216 	247 	
3 	192 	217 	248 	
3 	193 	218 	249 	
3 	194 	219 	250 	
3 	195 	220 	251 	
3 	196 	221 	252 	
3 	197 	222 	232 	
3 	198 	223 	233 	
3 	199 	224 	234 	
3 	200 	225 	235 	
3 	201 	226 	236 	
3 	202 	227 	237 	
3 	203 	228 	238 	
3 	204 	229 	239 	
3 	205 	230 	240 	
3 	206 	231 	241 	
3 	207 	211 	242 	
3 	208 	212 	243 	
3 	209 	213 	244 	
3 	210 	214 	245 	
3 	190 	216 	250 	
3 	191 	217 	251 	
3 	192 	218 	252 	
3 	193 	219 	232 	
3 	194 	220 	233 	
3 	195 	221 	234 	
3 	196 	222 	235 	
3 	197 	223 	236 	
3 	198 	224 	237 	
3 	199 	225 	238 	
3 	200 	226 	239 	
3 	201 	227 	240 	
3 	202 	228 	241 	
3 	203 	229 	242 	
3 	204 	230 	243 	
3 	205 	231 	244 	
3 	206 	211 	245 	
3 	207 	212 	246 	
3 	208 	213 	247 	
3 	209 	214 	248 	
3 	210 	215 	249 	
3 	190 	218 	244 	
3 	191 	219 	245 	
3 	192 	220 	246 	
3 	193 	221 	247 	
3 	194 	222 	248 	
3 	195 	223 	249 	
3 	196 	224 	250 	
3 	197 	225 	251 	
3 	198 	226 	252 	
3 	199 	227 	232 	
3 	200 	228 	233 	
3 	201 	229 	234 	
3 	202 	230 	235 	
3 	203 	231 	236 	
3 	204 	211 	237 	
3 	205 	212 	238 	
3 	206 	213 	239 	
3 	207 	214 	240 	
3 	208 	215 	241 	
3 	209 	216 	242 	
3 	210 	217 	243 	
3 	190 	228 	243 	
3 	191 	229 	244 	
3 	192 	230 	245 	
3 	193 	231 	246 	
3 	194 	211 	247 	
3 	195 	212 	248 	
3 	196 	213 	249 	
3 	197 	214 	250 	
3 	198 	215 	251 	
3 	199 	216 	252 	
3 	200 	217 	232 	
3 	201 	218 	233 	
3 	202 	219 	234 	
3 	203 	220 	235 	
3 	204 	221 	236 	
3 	205 	222 	237 	
3 	206 	223 	238 	
3 	207 	224 	239 	
3 	208 	225 	240 	
3 	209 	226 	241 	
3 	210 	227 	242 	
3 	253 	274 	295 	
3 	254 	275 	296 	
3 	255 	276 	297 	
3 	256 	277 	298 	
3 	257 	278 	299 	
3 	258 	279 	300 	
3 	259 	280 	301 	
3 	260 	281 	302 	
3 	261 	282 	303 	
3 	262 	283 	304 	
3 	263 	284 	305 	
3 	264 	285 	306 	
3 	265 	286 	307 	
3 	266 	287 	308 	
3 	267 	288 	309 	
3 	268 	289 	310 	
3 	269 	290 	311 	
3 	270 	291 	312 	
3 	271 	292 	313 	
3 	272 	293 	314 	
3 	273 	294 	315 	
3 	253 	278 	309 	
3 	254 	279 	310 	
3 	255 	280 	311 	
3 	256 	281 	312 	
3 	257 	282 	313 	
3 	258 	283 	314 	
3 	259 	284 	315 	
3 	260 	285 	295 	
3 	261 	286 	296 	
3 	262 	287 	297 	
3 	263 	288 	298 	
3 	264 	289 	299 	
3 	265 	290 	300 	
3 	266 	291 	301 	
3 	267 	292 	302 	
3 	268 	293 	303 	
3 	269 	294 	304 	
3 	270 	274 	305 	
3 	271 	275 	306 	
3 	272 	276 	307 	
3 	273 	277 	308 	
3 	253 	279 	313 	
3 	254 	280 	314 	
3 	255 	281 	315 	
3 	256 	282 	295 	
3 	257 	283 	296 	
3 	258 	284 	297 	
3 	259 	285 	298 	
3 	260 	286 	299 	
3 	261 	287 	300 	
3 	262 	288 	301 	
3 	263 	289 	302 	
3 	264 	290 	303 	
3 	265 	291 	304 	
3 	266 	292 	305 	
3 	267 	293 	306 	
3 	268 	294 	307 	
3 	269 	274 	308 	
3 	270 	275 	309 	
3 	271 	276 	310 	
3 	272 	277 	311 	
3 	273 	278 	312 	
3 	253 	281 	307 	
3 	254 	282 	308 	
3 	255 	283 	309 	
3 	256 	284 	310 	
3 	257 	285 	311 	
3 	258 	286 	312 	
3 	259 	287 	313 	
3 	260 	288 	314 	
3 	261 	289 	315 	
3 	262 	290 	295 	
3 	263 	291 	296 	
3 	264 	292 	297 	
3 	265 	293 	298 	
3 	266 	294 	299 	
3 	267 	274 	300 	
3 	268 	275 	301 	
3 	269 	276 	302 	
3 	270 	277 	303 	
3 	271 	278 	304 	
3 	272 	279 	305 	
3 	273 	280 	306 	
3 	253 	291 	306 	
3 	254 	292 	307 	
3 	255 	293 	308 	
3 	256 	294 	309 	
3 	257 	274 	310 	
3 	258 	275 	311 	
3 	259 	276 	312 	
3 	260 	277 	313 	
3 	261 	278 	314 	
3 	262 	279 	315 	
3 	263 	280 	295 	
3 	264 	281 	296 	
3 	265 	282 	297 	
3 	266 	283 	298 	
3 	267 	284 	299 	
3 	268 	285 	300 	
3 	269 	286 	301 	
3 	270 	287 	302 	
3 	271 	288 	303 	
3 	272 	289 	304 	
3 	273 	290 	305 	
5 	1 	64 	127 	190 	253 	
5 	2 	65 	128 	191 	254 	
5 	3 	66 	129 	192 	255 	
5 	4 	67 	130 	193 	256 	
5 	5 	68 	131 	194 	257 	
5 	6 	69 	132 	195 	258 	
5 	7 	70 	133 	196 	259 	
5 	8 	71 	134 	197 	260 	
5 	9 	72 	135 	198 	261 	
5 	10 	73 	136 	199 	262 	
5 	11 	74 	137 	200 	263 	
5 	12 	75 	138 	201 	264 	
5 	13 	76 	139 	202 	265 	
5 	14 	77 	140 	203 	266 	
5 	15 	78 	141 	204 	267 	
5 	16 	79 	142 	205 	268 	
5 	17 	80 	143 	206 	269 	
5 	18 	81 	144 	207 	270 	
5 	19 	82 	145 	208 	271 	
5 	20 	83 	146 	209 	272 	
5 	21 	84 	147 	210 	273 	
5 	22 	85 	148 	211 	274 	
5 	23 	86 	149 	212 	275 	
5 	24 	87 	150 	213 	276 	
5 	25 	88 	151 	214 	277 	
5 	26 	89 	152 	215 	278 	
5 	27 	90 	153 	216 	279 	
5 	28 	91 	154 	217 	280 	
5 	29 	92 	155 	218 	281 	
5 	30 	93 	156 	219 	282 	
5 	31 	94 	157 	220 	283 	
5 	32 	95 	158 	221 	284 	
5 	33 	96 	159 	222 	285 	
5 	34 	97 	160 	223 	286 	
5 	35 	98 	161 	224 	287 	
5 	36 	99 	162 	225 	288 	
5 	37 	100 	163 	226 	289 	
5 	38 	101 	164 	227 	290 	
5 	39 	102 	165 	228 	291 	
5 	40 	103 	166 	229 	292 	
5 	41 	104 	167 	230 	293 	
5 	42 	105 	168 	231 	294 	
5 	43 	106 	169 	232 	295 	
5 	44 	107 	170 	233 	296 	
5 	45 	108 	171 	234 	297 	
5 	46 	109 	172 	235 	298 	
5 	47 	110 	173 	236 	299 	
5 	48 	111 	174 	237 	300 	
5 	49 	112 	175 	238 	301 	
5 	50 	113 	176 	239 	302 	
5 	51 	114 	177 	240 	303 	
5 	52 	115 	178 	241 	304 	
5 	53 	116 	179 	242 	305 	
5 	54 	117 	180 	243 	306 	
5 	55 	118 	181 	244 	307 	
5 	56 	119 	182 	245 	308 	
5 	57 	120 	183 	246 	309 	
5 	58 	121 	184 	247 	310 	
5 	59 	122 	185 	248 	311 	
5 	60 	123 	186 	249 	312 	
5 	61 	124 	187 	250 	313 	
5 	62 	125 	188 	251 	314 	
5 	63 	126 	189 	252 	315 	
5 	1 	81 	143 	204 	257 	
5 	2 	82 	144 	205 	258 	
5 	3 	83 	145 	206 	259 	
5 	4 	84 	146 	207 	260 	
5 	5 	64 	147 	208 	261 	
5 	6 	65 	127 	209 	262 	
5 	7 	66 	128 	210 	263 	
5 	8 	67 	129 	190 	264 	
5 	9 	68 	130 	191 	265 	
5 	10 	69 	131 	192 	266 	
5 	11 	70 	132 	193 	267 	
5 	12 	71 	133 	194 	268 	
5 	13 	72 	134 	195 	269 	
5 	14 	73 	135 	196 	270 	
5 	15 	74 	136 	197 	271 	
5 	16 	75 	137 	198 	272 	
5 	17 	76 	138 	199 	273 	
5 	18 	77 	139 	200 	253 	
5 	19 	78 	140 	201 	254 	
5 	20 	79 	141 	202 	255 	
5 	21 	80 	142 	203 	256 	
5 	22 	102 	164 	225 	278 	
5 	23 	103 	165 	226 	279 	
5 	24 	104 	166 	227 	280 	
5 	25 	105 	167 	228 	281 	
5 	26 	85 	168 	229 	282 	
5 	27 	86 	148 	230 	283 	
5 	28 	87 	149 	231 	284 	
5 	29 	88 	150 	211 	285 	
5 	30 	89 	151 	212 	286 	
5 	31 	90 	152 	213 	287 	
5 	32 	91 	153 	214 	288 	
5 	33 	92 	154 	215 	289 	
5 	34 	93 	155 	216 	290 	
5 	35 	94 	156 	217 	291 	
5 	36 	95 	157 	218 	292 	
5 	37 	96 	158 	219 	293 	
5 	38 	97 	159 	220 	294 	
5 	39 	98 	160 	221 	274 	
5 	40 	99 	161 	222 	275 	
5 	41 	100 	162 	223 	276 	
5 	42 	101 	163 	224 	277 	
5 	43 	123 	185 	246 	299 	
5 	44 	124 	186 	247 	300 	
5 	45 	125 	187 	248 	301 	
5 	46 	126 	188 	249 	302 	
5 	47 	106 	189 	250 	303 	
5 	48 	107 	169 	251 	304 	
5 	49 	108 	170 	252 	305 	
5 	50 	109 	171 	232 	306 	
5 	51 	110 	172 	233 	307 	
5 	52 	111 	173 	234 	308 	
5 	53 	112 	174 	235 	309 	
5 	54 	113 	175 	236 	310 	
5 	55 	114 	176 	237 	311 	
5 	56 	115 	177 	238 	312 	
5 	57 	116 	178 	239 	313 	
5 	58 	117 	179 	240 	314 	
5 	59 	118 	180 	241 	315 	
5 	60 	119 	181 	242 	295 	
5 	61 	120 	182 	243 	296 	
5 	62 	121 	183 	244 	297 	
5 	63 	122 	184 	245 	298 	
5 	1 	71 	130 	199 	263 	
5 	2 	72 	131 	200 	264 	
5 	3 	73 	132 	201 	265 	
5 	4 	74 	133 	202 	266 	
5 	5 	75 	134 	203 	267 	
5 	6 	76 	135 	204 	268 	
5 	7 	77 	136 	205 	269 	
5 	8 	78 	137 	206 	270 	
5 	9 	79 	138 	207 	271 	
5 	10 	80 	139 	208 	272 	
5 	11 	81 	140 	209 	273 	
5 	12 	82 	141 	210 	253 	
5 	13 	83 	142 	190 	254 	
5 	14 	84 	143 	191 	255 	
5 	15 	64 	144 	192 	256 	
5 	16 	65 	145 	193 	257 	
5 	17 	66 	146 	194 	258 	
5 	18 	67 	147 	195 	259 	
5 	19 	68 	127 	196 	260 	
5 	20 	69 	128 	197 	261 	
5 	21 	70 	129 	198 	262 	
5 	22 	92 	151 	220 	284 	
5 	23 	93 	152 	221 	285 	
5 	24 	94 	153 	222 	286 	
5 	25 	95 	154 	223 	287 	
5 	26 	96 	155 	224 	288 	
5 	27 	97 	156 	225 	289 	
5 	28 	98 	157 	226 	290 	
5 	29 	99 	158 	227 	291 	
5 	30 	100 	159 	228 	292 	
5 	31 	101 	160 	229 	293 	
5 	32 	102 	161 	230 	294 	
5 	33 	103 	162 	231 	274 	
5 	34 	104 	163 	211 	275 	
5 	35 	105 	164 	212 	276 	
5 	36 	85 	165 	213 	277 	
5 	37 	86 	166 	214 	278 	
5 	38 	87 	167 	215 	279 	
5 	39 	88 	168 	216 	280 	
5 	40 	89 	148 	217 	281 	
5 	41 	90 	149 	218 	282 	
5 	42 	91 	150 	219 	283 	
5 	43 	113 	172 	241 	305 	
5 	44 	114 	173 	242 	306 	
5 	45 	115 	174 	243 	307 	
5 	46 	116 	175 	244 	308 	
5 	47 	117 	176 	245 	309 	
5 	48 	118 	177 	246 	310 	
5 	49 	119 	178 	247 	311 	
5 	50 	120 	179 	248 	312 	
5 	51 	121 	180 	249 	313 	
5 	52 	122 	181 	250 	314 	
5 	53 	123 	182 	251 	315 	
5 	54 	124 	183 	252 	295 	
5 	55 	125 	184 	232 	296 	
5 	56 	126 	185 	233 	297 	
5 	57 	106 	186 	234 	298 	
5 	58 	107 	187 	235 	299 	
5 	59 	108 	188 	236 	300 	
5 	60 	109 	189 	237 	301 	
5 	61 	110 	169 	238 	302 	
5 	62 	111 	170 	239 	303 	
5 	63 	112 	171 	240 	304 	
8 	1 	22 	43 	64 	85 	526 	589 	652 	
8 	2 	23 	44 	65 	86 	527 	590 	653 	
8 	3 	24 	45 	66 	87 	528 	591 	654 	
8 	4 	25 	46 	67 	88 	529 	592 	655 	
8 	5 	26 	47 	68 	89 	530 	593 	656 	
8 	6 	27 	48 	69 	90 	531 	594 	657 	
8 	7 	28 	49 	70 	91 	532 	595 	658 	
8 	8 	29 	50 	71 	92 	533 	596 	659 	
8 	9 	30 	51 	72 	93 	534 	597 	660 	
8 	10 	31 	52 	73 	94 	535 	598 	661 	
8 	11 	32 	53 	74 	95 	536 	599 	662 	
8 	12 	33 	54 	75 	96 	537 	600 	663 	
8 	13 	34 	55 	76 	97 	538 	601 	664 	
8 	14 	35 	56 	77 	98 	539 	602 	665 	
8 	15 	36 	57 	78 	99 	540 	603 	666 	
8 	16 	37 	58 	79 	100 	541 	604 	667 	
8 	17 	38 	59 	80 	101 	542 	605 	668 	
8 	18 	39 	60 	81 	102 	543 	606 	669 	
8 	19 	40 	61 	82 	103 	544 	607 	670 	
8 	20 	41 	62 	83 	104 	545 	608 	671 	
8 	21 	42 	63 	84 	105 	546 	609 	672 	
8 	1 	39 	59 	78 	89 	547 	610 	673 	
8 	2 	40 	60 	79 	90 	548 	611 	674 	
8 	3 	41 	61 	80 	91 	549 	612 	675 	
8 	4 	42 	62 	81 	92 	550 	613 	676 	
8 	5 	22 	63 	82 	93 	551 	614 	677 	
8 	6 	23 	43 	83 	94 	552 	615 	678 	
8 	7 	24 	44 	84 	95 	553 	616 	679 	
8 	8 	25 	45 	64 	96 	554 	617 	680 	
8 	9 	26 	46 	65 	97 	555 	618 	681 	
8 	10 	27 	47 	66 	98 	556 	619 	682 	
8 	11 	28 	48 	67 	99 	557 	620 	683 	
8 	12 	29 	49 	68 	100 	558 	621 	684 	
8 	13 	30 	50 	69 	101 	559 	622 	685 	
8 	14 	31 	51 	70 	102 	560 	623 	686 	
8 	15 	32 	52 	71 	103 	561 	624 	687 	
8 	16 	33 	53 	72 	104 	562 	625 	688 	
8 	17 	34 	54 	73 	105 	563 	626 	689 	
8 	18 	35 	55 	74 	85 	564 	627 	690 	
8 	19 	36 	56 	75 	86 	565 	628 	691 	
8 	20 	37 	57 	76 	87 	566 	629 	692 	
8 	21 	38 	58 	77 	88 	567 	630 	693 	
8 	1 	29 	46 	73 	95 	568 	631 	694 	
8 	2 	30 	47 	74 	96 	569 	632 	695 	
8 	3 	31 	48 	75 	97 	570 	633 	696 	
8 	4 	32 	49 	76 	98 	571 	634 	697 	
8 	5 	33 	50 	77 	99 	572 	635 	698 	
8 	6 	34 	51 	78 	100 	573 	636 	699 	
8 	7 	35 	52 	79 	101 	574 	637 	700 	
8 	8 	36 	53 	80 	102 	575 	638 	701 	
8 	9 	37 	54 	81 	103 	576 	639 	702 	
8 	10 	38 	55 	82 	104 	577 	640 	703 	
8 	11 	39 	56 	83 	105 	578 	641 	704 	
8 	12 	40 	57 	84 	85 	579 	642 	705 	
8 	13 	41 	58 	64 	86 	580 	643 	706 	
8 	14 	42 	59 	65 	87 	581 	644 	707 	
8 	15 	22 	60 	66 	88 	582 	645 	708 	
8 	16 	23 	61 	67 	89 	583 	646 	709 	
8 	17 	24 	62 	68 	90 	584 	647 	710 	
8 	18 	25 	63 	69 	91 	585 	648 	711 	
8 	19 	26 	43 	70 	92 	586 	649 	712 	
8 	20 	27 	44 	71 	93 	587 	650 	713 	
8 	21 	28 	45 	72 	94 	588 	651 	714 	
8 	106 	127 	148 	169 	190 	526 	593 	666 	
8 	107 	128 	149 	170 	191 	527 	594 	667 	
8 	108 	129 	150 	171 	192 	528 	595 	668 	
8 	109 	130 	151 	172 	193 	529 	596 	669 	
8 	110 	131 	152 	173 	194 	530 	597 	670 	
8 	111 	132 	153 	174 	195 	531 	598 	671 	
8 	112 	133 	154 	175 	196 	532 	599 	672 	
8 	113 	134 	155 	176 	197 	533 	600 	652 	
8 	114 	135 	156 	177 	198 	534 	601 	653 	
8 	115 	136 	157 	178 	199 	535 	602 	654 	
8 	116 	137 	158 	179 	200 	536 	603 	655 	
8 	117 	138 	159 	180 	201 	537 	604 	656 	
8 	118 	139 	160 	181 	202 	538 	605 	657 	
8 	119 	140 	161 	182 	203 	539 	606 	658 	
8 	120 	141 	162 	183 	204 	540 	607 	659 	
8 	121 	142 	163 	184 	205 	541 	608 	660 	
8 	122 	143 	164 	185 	206 	542 	609 	661 	
8 	123 	144 	165 	186 	207 	543 	589 	662 	
8 	124 	145 	166 	187 	208 	544 	590 	663 	
8 	125 	146 	167 	188 	209 	545 	591 	664 	
8 	126 	147 	168 	189 	210 	546 	592 	665 	
8 	106 	144 	164 	183 	194 	547 	614 	687 	
8 	107 	145 	165 	184 	195 	548 	615 	688 	
8 	108 	146 	166 	185 	196 	549 	616 	689 	
8 	109 	147 	167 	186 	197 	550 	617 	690 	
8 	110 	127 	168 	187 	198 	551 	618 	691 	
8 	111 	128 	148 	188 	199 	552 	619 	692 	
8 	112 	129 	149 	189 	200 	553 	620 	693 	
8 	113 	130 	150 	169 	201 	554 	621 	673 	
8 	114 	131 	151 	170 	202 	555 	622 	674 	
8 	115 	132 	152 	171 	203 	556 	623 	675 	
8 	116 	133 	153 	172 	204 	557 	624 	676 	
8 	117 	134 	154 	173 	205 	558 	625 	677 	
8 	118 	135 	155 	174 	206 	559 	626 	678 	
8 	119 	136 	156 	175 	207 	560 	627 	679 	
8 	120 	137 	157 	176 	208 	561 	628 	680 	
8 	121 	138 	158 	177 	209 	562 	629 	681 	
8 	122 	139 	159 	178 	210 	563 	630 	682 	
8 	123 	140 	160 	179 	190 	564 	610 	683 	
8 	124 	141 	161 	180 	191 	565 	611 	684 	
8 	125 	142 	162 	181 	192 	566 	612 	685 	
8 	126 	143 	163 	182 	193 	567 	613 	686 	
8 	106 	134 	151 	178 	200 	568 	635 	708 	
8 	107 	135 	152 	179 	201 	569 	636 	709 	
8 	108 	136 	153 	180 	202 	570 	637 	710 	
8 	109 	137 	154 	181 	203 	571 	638 	711 	
8 	110 	138 	155 	182 	204 	572 	639 	712 	
8 	111 	139 	156 	183 	205 	573 	640 	713 	
8 	112 	140 	157 	184 	206 	574 	641 	714 	
8 	113 	141 	158 	185 	207 	575 	642 	694 	
8 	114 	142 	159 	186 	208 	576 	643 	695 	
8 	115 	143 	160 	187 	209 	577 	644 	696 	
8 	116 	144 	161 	188 	210 	578 	645 	697 	
8 	117 	145 	162 	189 	190 	579 	646 	698 	
8 	118 	146 	163 	169 	191 	580 	647 	699 	
8 	119 	147 	164 	170 	192 	581 	648 	700 	
8 	120 	127 	165 	171 	193 	582 	649 	701 	
8 	121 	128 	166 	172 	194 	583 	650 	702 	
8 	122 	129 	167 	173 	195 	584 	651 	703 	
8 	123 	130 	168 	174 	196 	585 	631 	704 	
8 	124 	131 	148 	175 	197 	586 	632 	705 	
8 	125 	132 	149 	176 	198 	587 	633 	706 	
8 	126 	133 	150 	177 	199 	588 	634 	707 	
8 	211 	232 	253 	274 	295 	526 	594 	670 	
8 	212 	233 	254 	275 	296 	527 	595 	671 	
8 	213 	234 	255 	276 	297 	528 	596 	672 	
8 	214 	235 	256 	277 	298 	529 	597 	652 	
8 	215 	236 	257 	278 	299 	530 	598 	653 	
8 	216 	237 	258 	279 	300 	531 	599 	654 	
8 	217 	238 	259 	280 	301 	532 	600 	655 	
8 	218 	239 	260 	281 	302 	533 	601 	656 	
8 	219 	240 	261 	282 	303 	534 	602 	657 	
8 	220 	241 	262 	283 	304 	535 	603 	658 	
8 	221 	242 	263 	284 	305 	536 	604 	659 	
8 	222 	243 	264 	285 	306 	537 	605 	660 	
8 	223 	244 	265 	286 	307 	538 	606 	661 	
8 	224 	245 	266 	287 	308 	539 	607 	662 	
8 	225 	246 	267 	288 	309 	540 	608 	663 	
8 	226 	247 	268 	289 	310 	541 	609 	664 	
8 	227 	248 	269 	290 	311 	542 	589 	665 	
8 	228 	249 	270 	291 	312 	543 	590 	666 	
8 	229 	250 	271 	292 	313 	544 	591 	667 	
8 	230 	251 	272 	293 	314 	545 	592 	668 	
8 	231 	252 	273 	294 	315 	546 	593 	669 	
8 	211 	249 	269 	288 	299 	547 	615 	691 	
8 	212 	250 	270 	289 	300 	548 	616 	692 	
8 	213 	251 	271 	290 	301 	549 	617 	693 	
8 	214 	252 	272 	291 	302 	550 	618 	673 	
8 	215 	232 	273 	292 	303 	551 	619 	674 	
8 	216 	233 	253 	293 	304 	552 	620 	675 	
8 	217 	234 	254 	294 	305 	553 	621 	676 	
8 	218 	235 	255 	274 	306 	554 	622 	677 	
8 	219 	236 	256 	275 	307 	555 	623 	678 	
8 	220 	237 	257 	276 	308 	556 	624 	679 	
8 	221 	238 	258 	277 	309 	557 	625 	680 	
8 	222 	239 	259 	278 	310 	558 	626 	681 	
8 	223 	240 	260 	279 	311 	559 	627 	682 	
8 	224 	241 	261 	280 	312 	560 	628 	683 	
8 	225 	242 	262 	281 	313 	561 	629 	684 	
8 	226 	243 	263 	282 	314 	562 	630 	685 	
8 	227 	244 	264 	283 	315 	563 	610 	686 	
8 	228 	245 	265 	284 	295 	564 	611 	687 	
8 	229 	246 	266 	285 	296 	565 	612 	688 	
8 	230 	247 	267 	286 	297 	566 	613 	689 	
8 	231 	248 	268 	287 	298 	567 	614 	690 	
8 	211 	239 	256 	283 	305 	568 	636 	712 	
8 	212 	240 	257 	284 	306 	569 	637 	713 	
8 	213 	241 	258 	285 	307 	570 	638 	714 	
8 	214 	242 	259 	286 	308 	571 	639 	694 	
8 	215 	243 	260 	287 	309 	572 	640 	695 	
8 	216 	244 	261 	288 	310 	573 	641 	696 	
8 	217 	245 	262 	289 	311 	574 	642 	697 	
8 	218 	246 	263 	290 	312 	575 	643 	698 	
8 	219 	247 	264 	291 	313 	576 	644 	699 	
8 	220 	248 	265 	292 	314 	577 	645 	700 	
8 	221 	249 	266 	293 	315 	578 	646 	701 	
8 	222 	250 	267 	294 	295 	579 	647 	702 	
8 	223 	251 	268 	274 	296 	580 	648 	703 	
8 	224 	252 	269 	275 	297 	581 	649 	704 	
8 	225 	232 	270 	276 	298 	582 	650 	705 	
8 	226 	233 	271 	277 	299 	583 	651 	706 	
8 	227 	234 	272 	278 	300 	584 	631 	707 	
8 	228 	235 	273 	279 	301 	585 	632 	708 	
8 	229 	236 	253 	280 	302 	586 	633 	709 	
8 	230 	237 	254 	281 	303 	587 	634 	710 	
8 	231 	238 	255 	282 	304 	588 	635 	711 	
8 	316 	337 	358 	379 	400 	526 	596 	664 	
8 	317 	338 	359 	380 	401 	527 	597 	665 	
8 	318 	339 	360 	381 	402 	528 	598 	666 	
8 	319 	340 	361 	382 	403 	529 	599 	667 	
8 	320 	341 	362 	383 	404 	530 	600 	668 	
8 	321 	342 	363 	384 	405 	531 	601 	669 	
8 	322 	343 	364 	385 	406 	532 	602 	670 	
8 	323 	344 	365 	386 	407 	533 	603 	671 	
8 	324 	345 	366 	387 	408 	534 	604 	672 	
8 	325 	346 	367 	388 	409 	535 	605 	652 	
8 	326 	347 	368 	389 	410 	536 	606 	653 	
8 	327 	348 	369 	390 	411 	537 	607 	654 	
8 	328 	349 	370 	391 	412 	538 	608 	655 	
8 	329 	350 	371 	392 	413 	539 	609 	656 	
8 	330 	351 	372 	393 	414 	540 	589 	657 	
8 	331 	352 	373 	394 	415 	541 	590 	658 	
8 	332 	353 	374 	395 	416 	542 	591 	659 	
8 	333 	354 	375 	396 	417 	543 	592 	660 	
8 	334 	355 	376 	397 	418 	544 	593 	661 	
8 	335 	356 	377 	398 	419 	545 	594 	662 	
8 	336 	357 	378 	399 	420 	546 	595 	663 	
8 	316 	354 	374 	393 	404 	547 	617 	685 	
8 	317 	355 	375 	394 	405 	548 	618 	686 	
8 	318 	356 	376 	395 	406 	549 	619 	687 	
8 	319 	357 	377 	396 	407 	550 	620 	688 	
8 	320 	337 	378 	397 	408 	551 	621 	689 	
8 	321 	338 	358 	398 	409 	552 	622 	690 	
8 	322 	339 	359 	399 	410 	553 	623 	691 	
8 	323 	340 	360 	379 	411 	554 	624 	692 	
8 	324 	341 	361 	380 	412 	555 	625 	693 	
8 	325 	342 	362 	381 	413 	556 	626 	673 	
8 	326 	343 	363 	382 	414 	557 	627 	674 	
8 	327 	344 	364 	383 	415 	558 	628 	675 	
8 	328 	345 	365 	384 	416 	559 	629 	676 	
8 	329 	346 	366 	385 	417 	560 	630 	677 	
8 	330 	347 	367 	386 	418 	561 	610 	678 	
8 	331 	348 	368 	387 	419 	562 	611 	679 	
8 	332 	349 	369 	388 	420 	563 	612 	680 	
8 	333 	350 	370 	389 	400 	564 	613 	681 	
8 	334 	351 	371 	390 	401 	565 	614 	682 	
8 	335 	352 	372 	391 	402 	566 	615 	683 	
8 	336 	353 	373 	392 	403 	567 	616 	684 	
8 	316 	344 	361 	388 	410 	568 	638 	706 	
8 	317 	345 	362 	389 	411 	569 	639 	707 	
8 	318 	346 	363 	390 	412 	570 	640 	708 	
8 	319 	347 	364 	391 	413 	571 	641 	709 	
8 	320 	348 	365 	392 	414 	572 	642 	710 	
8 	321 	349 	366 	393 	415 	573 	643 	711 	
8 	322 	350 	367 	394 	416 	574 	644 	712 	
8 	323 	351 	368 	395 	417 	575 	645 	713 	
8 	324 	352 	369 	396 	418 	576 	646 	714 	
8 	325 	353 	370 	397 	419 	577 	647 	694 	
8 	326 	354 	371 	398 	420 	578 	648 	695 	
8 	327 	355 	372 	399 	400 	579 	649 	696 	
8 	328 	356 	373 	379 	401 	580 	650 	697 	
8 	329 	357 	374 	380 	402 	581 	651 	698 	
8 	330 	337 	375 	381 	403 	582 	631 	699 	
8 	331 	338 	376 	382 	404 	583 	632 	700 	
8 	332 	339 	377 	383 	405 	584 	633 	701 	
8 	333 	340 	378 	384 	406 	585 	634 	702 	
8 	334 	341 	358 	385 	407 	586 	635 	703 	
8 	335 	342 	359 	386 	408 	587 	636 	704 	
8 	336 	343 	360 	387 	409 	588 	637 	705 	
8 	421 	442 	463 	484 	505 	526 	606 	663 	
8 	422 	443 	464 	485 	506 	527 	607 	664 	
8 	423 	444 	465 	486 	507 	528 	608 	665 	
8 	424 	445 	466 	487 	508 	529 	609 	666 	
8 	425 	446 	467 	488 	509 	530 	589 	667 	
8 	426 	447 	468 	489 	510 	531 	590 	668 	
8 	427 	448 	469 	490 	511 	532 	591 	669 	
8 	428 	449 	470 	491 	512 	533 	592 	670 	
8 	429 	450 	471 	492 	513 	534 	593 	671 	
8 	430 	451 	472 	493 	514 	535 	594 	672 	
8 	431 	452 	473 	494 	515 	536 	595 	652 	
8 	432 	453 	474 	495 	516 	537 	596 	653 	
8 	433 	454 	475 	496 	517 	538 	597 	654 	
8 	434 	455 	476 	497 	518 	539 	598 	655 	
8 	435 	456 	477 	498 	519 	540 	599 	656 	
8 	436 	457 	478 	499 	520 	541 	600 	657 	
8 	437 	458 	479 	500 	521 	542 	601 	658 	
8 	438 	459 	480 	501 	522 	543 	602 	659 	
8 	439 	460 	481 	502 	523 	544 	603 	660 	
8 	440 	461 	482 	503 	524 	545 	604 	661 	
8 	441 	462 	483 	504 	525 	546 	605 	662 	
8 	421 	459 	479 	498 	509 	547 	627 	684 	
8 	422 	460 	480 	499 	510 	548 	628 	685 	
8 	423 	461 	481 	500 	511 	549 	629 	686 	
8 	424 	462 	482 	501 	512 	550 	630 	687 	
8 	425 	442 	483 	502 	513 	551 	610 	688 	
8 	426 	443 	463 	503 	514 	552 	611 	689 	
8 	427 	444 	464 	504 	515 	553 	612 	690 	
8 	428 	445 	465 	484 	516 	554 	613 	691 	
8 	429 	446 	466 	485 	517 	555 	614 	692 	
8 	430 	447 	467 	486 	518 	556 	615 	693 	
8 	431 	448 	468 	487 	519 	557 	616 	673 	
8 	432 	449 	469 	488 	520 	558 	617 	674 	
8 	433 	450 	470 	489 	521 	559 	618 	675 	
8 	434 	451 	471 	490 	522 	560 	619 	676 	
8 	435 	452 	472 	491 	523 	561 	620 	677 	
8 	436 	453 	473 	492 	524 	562 	621 	678 	
8 	437 	454 	474 	493 	525 	563 	622 	679 	
8 	438 	455 	475 	494 	505 	564 	623 	680 	
8 	439 	456 	476 	495 	506 	565 	624 	681 	
8 	440 	457 	477 	496 	507 	566 	625 	682 	
8 	441 	458 	478 	497 	508 	567 	626 	683 	
8 	421 	449 	466 	493 	515 	568 	648 	705 	
8 	422 	450 	467 	494 	516 	569 	649 	706 	
8 	423 	451 	468 	495 	517 	570 	650 	707 	
8 	424 	452 	469 	496 	518 	571 	651 	708 	
8 	425 	453 	470 	497 	519 	572 	631 	709 	
8 	426 	454 	471 	498 	520 	573 	632 	710 	
8 	427 	455 	472 	499 	521 	574 	633 	711 	
8 	428 	456 	473 	500 	522 	575 	634 	712 	
8 	429 	457 	474 	501 	523 	576 	635 	713 	
8 	430 	458 	475 	502 	524 	577 	636 	714 	
8 	431 	459 	476 	503 	525 	578 	637 	694 	
8 	432 	460 	477 	504 	505 	579 	638 	695 	
8 	433 	461 	478 	484 	506 	580 	639 	696 	
8 	434 	462 	479 	485 	507 	581 	640 	697 	
8 	435 	442 	480 	486 	508 	582 	641 	698 	
8 	436 	443 	481 	487 	509 	583 	642 	699 	
8 	437 	444 	482 	488 	510 	584 	643 	700 	
8 	438 	445 	483 	489 	511 	585 	644 	701 	
8 	439 	446 	463 	490 	512 	586 	645 	702 	
8 	440 	447 	464 	491 	513 	587 	646 	703 	
8 	441 	448 	465 	492 	514 	588 	647 	704 	
