1428 	 630 
3 	1 	43 	85 	
3 	2 	44 	86 	
3 	3 	45 	87 	
3 	4 	46 	88 	
3 	5 	47 	89 	
3 	6 	48 	90 	
3 	7 	49 	91 	
3 	8 	50 	92 	
3 	9 	51 	93 	
3 	10 	52 	94 	
3 	11 	53 	95 	
3 	12 	54 	96 	
3 	13 	55 	97 	
3 	14 	56 	98 	
3 	15 	57 	99 	
3 	16 	58 	100 	
3 	17 	59 	101 	
3 	18 	60 	102 	
3 	19 	61 	103 	
3 	20 	62 	104 	
3 	21 	63 	105 	
3 	22 	64 	106 	
3 	23 	65 	107 	
3 	24 	66 	108 	
3 	25 	67 	109 	
3 	26 	68 	110 	
3 	27 	69 	111 	
3 	28 	70 	112 	
3 	29 	71 	113 	
3 	30 	72 	114 	
3 	31 	73 	115 	
3 	32 	74 	116 	
3 	33 	75 	117 	
3 	34 	76 	118 	
3 	35 	77 	119 	
3 	36 	78 	120 	
3 	37 	79 	121 	
3 	38 	80 	122 	
3 	39 	81 	123 	
3 	40 	82 	124 	
3 	41 	83 	125 	
3 	42 	84 	126 	
3 	1 	49 	125 	
3 	2 	50 	126 	
3 	3 	51 	85 	
3 	4 	52 	86 	
3 	5 	53 	87 	
3 	6 	54 	88 	
3 	7 	55 	89 	
3 	8 	56 	90 	
3 	9 	57 	91 	
3 	10 	58 	92 	
3 	11 	59 	93 	
3 	12 	60 	94 	
3 	13 	61 	95 	
3 	14 	62 	96 	
3 	15 	63 	97 	
3 	16 	64 	98 	
3 	17 	65 	99 	
3 	18 	66 	100 	
3 	19 	67 	101 	
3 	20 	68 	102 	
3 	21 	69 	103 	
3 	22 	70 	104 	
3 	23 	71 	105 	
3 	24 	72 	106 	
3 	25 	73 	107 	
3 	26 	74 	108 	
3 	27 	75 	109 	
3 	28 	76 	110 	
3 	29 	77 	111 	
3 	30 	78 	112 	
3 	31 	79 	113 	
3 	32 	80 	114 	
3 	33 	81 	115 	
3 	34 	82 	116 	
3 	35 	83 	117 	
3 	36 	84 	118 	
3 	37 	43 	119 	
3 	38 	44 	120 	
3 	39 	45 	121 	
3 	40 	46 	122 	
3 	41 	47 	123 	
3 	42 	48 	124 	
3 	1 	50 	100 	
3 	2 	51 	101 	
3 	3 	52 	102 	
3 	4 	53 	103 	
3 	5 	54 	104 	
3 	6 	55 	105 	
3 	7 	56 	106 	
3 	8 	57 	107 	
3 	9 	58 	108 	
3 	10 	59 	109 	
3 	11 	60 	110 	
3 	12 	61 	111 	
3 	13 	62 	112 	
3 	14 	63 	113 	
3 	15 	64 	114 	
3 	16 	65 	115 	
3 	17 	66 	116 	
3 	18 	67 	117 	
3 	19 	68 	118 	
3 	20 	69 	119 	
3 	21 	70 	120 	
3 	22 	71 	121 	
3 	23 	72 	122 	
3 	24 	73 	123 	
3 	25 	74 	124 	
3 	26 	75 	125 	
3 	27 	76 	126 	
3 	28 	77 	85 	
3 	29 	78 	86 	
3 	30 	79 	87 	
3 	31 	80 	88 	
3 	32 	81 	89 	
3 	33 	82 	90 	
3 	34 	83 	91 	
3 	35 	84 	92 	
3 	36 	43 	93 	
3 	37 	44 	94 	
3 	38 	45 	95 	
3 	39 	46 	96 	
3 	40 	47 	97 	
3 	41 	48 	98 	
3 	42 	49 	99 	
3 	1 	52 	116 	
3 	2 	53 	117 	
3 	3 	54 	118 	
3 	4 	55 	119 	
3 	5 	56 	120 	
3 	6 	57 	121 	
3 	7 	58 	122 	
3 	8 	59 	123 	
3 	9 	60 	124 	
3 	10 	61 	125 	
3 	11 	62 	126 	
3 	12 	63 	85 	
3 	13 	64 	86 	
3 	14 	65 	87 	
3 	15 	66 	88 	
3 	16 	67 	89 	
3 	17 	68 	90 	
3 	18 	69 	91 	
3 	19 	70 	92 	
3 	20 	71 	93 	
3 	21 	72 	94 	
3 	22 	73 	95 	
3 	23 	74 	96 	
3 	24 	75 	97 	
3 	25 	76 	98 	
3 	26 	77 	99 	
3 	27 	78 	100 	
3 	28 	79 	101 	
3 	29 	80 	102 	
3 	30 	81 	103 	
3 	31 	82 	104 	
3 	32 	83 	105 	
3 	33 	84 	106 	
3 	34 	43 	107 	
3 	35 	44 	108 	
3 	36 	45 	109 	
3 	37 	46 	110 	
3 	38 	47 	111 	
3 	39 	48 	112 	
3 	40 	49 	113 	
3 	41 	50 	114 	
3 	42 	51 	115 	
3 	1 	73 	120 	
3 	2 	74 	121 	
3 	3 	75 	122 	
3 	4 	76 	123 	
3 	5 	77 	124 	
3 	6 	78 	125 	
3 	7 	79 	126 	
3 	8 	80 	85 	
3 	9 	81 	86 	
3 	10 	82 	87 	
3 	11 	83 	88 	
3 	12 	84 	89 	
3 	13 	43 	90 	
3 	14 	44 	91 	
3 	15 	45 	92 	
3 	16 	46 	93 	
3 	17 	47 	94 	
3 	18 	48 	95 	
3 	19 	49 	96 	
3 	20 	50 	97 	
3 	21 	51 	98 	
3 	22 	52 	99 	
3 	23 	53 	100 	
3 	24 	54 	101 	
3 	25 	55 	102 	
3 	26 	56 	103 	
3 	27 	57 	104 	
3 	28 	58 	105 	
3 	29 	59 	106 	
3 	30 	60 	107 	
3 	31 	61 	108 	
3 	32 	62 	109 	
3 	33 	63 	110 	
3 	34 	64 	111 	
3 	35 	65 	112 	
3 	36 	66 	113 	
3 	37 	67 	114 	
3 	38 	68 	115 	
3 	39 	69 	116 	
3 	40 	70 	117 	
3 	41 	71 	118 	
3 	42 	72 	119 	
3 	127 	169 	211 	
3 	128 	170 	212 	
3 	129 	171 	213 	
3 	130 	172 	214 	
3 	131 	173 	215 	
3 	132 	174 	216 	
3 	133 	175 	217 	
3 	134 	176 	218 	
3 	135 	177 	219 	
3 	136 	178 	220 	
3 	137 	179 	221 	
3 	138 	180 	222 	
3 	139 	181 	223 	
3 	140 	182 	224 	
3 	141 	183 	225 	
3 	142 	184 	226 	
3 	143 	185 	227 	
3 	144 	186 	228 	
3 	145 	187 	229 	
3 	146 	188 	230 	
3 	147 	189 	231 	
3 	148 	190 	232 	
3 	149 	191 	233 	
3 	150 	192 	234 	
3 	151 	193 	235 	
3 	152 	194 	236 	
3 	153 	195 	237 	
3 	154 	196 	238 	
3 	155 	197 	239 	
3 	156 	198 	240 	
3 	157 	199 	241 	
3 	158 	200 	242 	
3 	159 	201 	243 	
3 	160 	202 	244 	
3 	161 	203 	245 	
3 	162 	204 	246 	
3 	163 	205 	247 	
3 	164 	206 	248 	
3 	165 	207 	249 	
3 	166 	208 	250 	
3 	167 	209 	251 	
3 	168 	210 	252 	
3 	127 	175 	251 	
3 	128 	176 	252 	
3 	129 	177 	211 	
3 	130 	178 	212 	
3 	131 	179 	213 	
3 	132 	180 	214 	
3 	133 	181 	215 	
3 	134 	182 	216 	
3 	135 	183 	217 	
3 	136 	184 	218 	
3 	137 	185 	219 	
3 	138 	186 	220 	
3 	139 	187 	221 	
3 	140 	188 	222 	
3 	141 	189 	223 	
3 	142 	190 	224 	
3 	143 	191 	225 	
3 	144 	192 	226 	
3 	145 	193 	227 	
3 	146 	194 	228 	
3 	147 	195 	229 	
3 	148 	196 	230 	
3 	149 	197 	231 	
3 	150 	198 	232 	
3 	151 	199 	233 	
3 	152 	200 	234 	
3 	153 	201 	235 	
3 	154 	202 	236 	
3 	155 	203 	237 	
3 	156 	204 	238 	
3 	157 	205 	239 	
3 	158 	206 	240 	
3 	159 	207 	241 	
3 	160 	208 	242 	
3 	161 	209 	243 	
3 	162 	210 	244 	
3 	163 	169 	245 	
3 	164 	170 	246 	
3 	165 	171 	247 	
3 	166 	172 	248 	
3 	167 	173 	249 	
3 	168 	174 	250 	
3 	127 	176 	226 	
3 	128 	177 	227 	
3 	129 	178 	228 	
3 	130 	179 	229 	
3 	131 	180 	230 	
3 	132 	181 	231 	
3 	133 	182 	232 	
3 	134 	183 	233 	
3 	135 	184 	234 	
3 	136 	185 	235 	
3 	137 	186 	236 	
3 	138 	187 	237 	
3 	139 	188 	238 	
3 	140 	189 	239 	
3 	141 	190 	240 	
3 	142 	191 	241 	
3 	143 	192 	242 	
3 	144 	193 	243 	
3 	145 	194 	244 	
3 	146 	195 	245 	
3 	147 	196 	246 	
3 	148 	197 	247 	
3 	149 	198 	248 	
3 	150 	199 	249 	
3 	151 	200 	250 	
3 	152 	201 	251 	
3 	153 	202 	252 	
3 	154 	203 	211 	
3 	155 	204 	212 	
3 	156 	205 	213 	
3 	157 	206 	214 	
3 	158 	207 	215 	
3 	159 	208 	216 	
3 	160 	209 	217 	
3 	161 	210 	218 	
3 	162 	169 	219 	
3 	163 	170 	220 	
3 	164 	171 	221 	
3 	165 	172 	222 	
3 	166 	173 	223 	
3 	167 	174 	224 	
3 	168 	175 	225 	
3 	127 	178 	242 	
3 	128 	179 	243 	
3 	129 	180 	244 	
3 	130 	181 	245 	
3 	131 	182 	246 	
3 	132 	183 	247 	
3 	133 	184 	248 	
3 	134 	185 	249 	
3 	135 	186 	250 	
3 	136 	187 	251 	
3 	137 	188 	252 	
3 	138 	189 	211 	
3 	139 	190 	212 	
3 	140 	191 	213 	
3 	141 	192 	214 	
3 	142 	193 	215 	
3 	143 	194 	216 	
3 	144 	195 	217 	
3 	145 	196 	218 	
3 	146 	197 	219 	
3 	147 	198 	220 	
3 	148 	199 	221 	
3 	149 	200 	222 	
3 	150 	201 	223 	
3 	151 	202 	224 	
3 	152 	203 	225 	
3 	153 	204 	226 	
3 	154 	205 	227 	
3 	155 	206 	228 	
3 	156 	207 	229 	
3 	157 	208 	230 	
3 	158 	209 	231 	
3 	159 	210 	232 	
3 	160 	169 	233 	
3 	161 	170 	234 	
3 	162 	171 	235 	
3 	163 	172 	236 	
3 	164 	173 	237 	
3 	165 	174 	238 	
3 	166 	175 	239 	
3 	167 	176 	240 	
3 	168 	177 	241 	
3 	127 	199 	246 	
3 	128 	200 	247 	
3 	129 	201 	248 	
3 	130 	202 	249 	
3 	131 	203 	250 	
3 	132 	204 	251 	
3 	133 	205 	252 	
3 	134 	206 	211 	
3 	135 	207 	212 	
3 	136 	208 	213 	
3 	137 	209 	214 	
3 	138 	210 	215 	
3 	139 	169 	216 	
3 	140 	170 	217 	
3 	141 	171 	218 	
3 	142 	172 	219 	
3 	143 	173 	220 	
3 	144 	174 	221 	
3 	145 	175 	222 	
3 	146 	176 	223 	
3 	147 	177 	224 	
3 	148 	178 	225 	
3 	149 	179 	226 	
3 	150 	180 	227 	
3 	151 	181 	228 	
3 	152 	182 	229 	
3 	153 	183 	230 	
3 	154 	184 	231 	
3 	155 	185 	232 	
3 	156 	186 	233 	
3 	157 	187 	234 	
3 	158 	188 	235 	
3 	159 	189 	236 	
3 	160 	190 	237 	
3 	161 	191 	238 	
3 	162 	192 	239 	
3 	163 	193 	240 	
3 	164 	194 	241 	
3 	165 	195 	242 	
3 	166 	196 	243 	
3 	167 	197 	244 	
3 	168 	198 	245 	
3 	253 	295 	337 	
3 	254 	296 	338 	
3 	255 	297 	339 	
3 	256 	298 	340 	
3 	257 	299 	341 	
3 	258 	300 	342 	
3 	259 	301 	343 	
3 	260 	302 	344 	
3 	261 	303 	345 	
3 	262 	304 	346 	
3 	263 	305 	347 	
3 	264 	306 	348 	
3 	265 	307 	349 	
3 	266 	308 	350 	
3 	267 	309 	351 	
3 	268 	310 	352 	
3 	269 	311 	353 	
3 	270 	312 	354 	
3 	271 	313 	355 	
3 	272 	314 	356 	
3 	273 	315 	357 	
3 	274 	316 	358 	
3 	275 	317 	359 	
3 	276 	318 	360 	
3 	277 	319 	361 	
3 	278 	320 	362 	
3 	279 	321 	363 	
3 	280 	322 	364 	
3 	281 	323 	365 	
3 	282 	324 	366 	
3 	283 	325 	367 	
3 	284 	326 	368 	
3 	285 	327 	369 	
3 	286 	328 	370 	
3 	287 	329 	371 	
3 	288 	330 	372 	
3 	289 	331 	373 	
3 	290 	332 	374 	
3 	291 	333 	375 	
3 	292 	334 	376 	
3 	293 	335 	377 	
3 	294 	336 	378 	
3 	253 	301 	377 	
3 	254 	302 	378 	
3 	255 	303 	337 	
3 	256 	304 	338 	
3 	257 	305 	339 	
3 	258 	306 	340 	
3 	259 	307 	341 	
3 	260 	308 	342 	
3 	261 	309 	343 	
3 	262 	310 	344 	
3 	263 	311 	345 	
3 	264 	312 	346 	
3 	265 	313 	347 	
3 	266 	314 	348 	
3 	267 	315 	349 	
3 	268 	316 	350 	
3 	269 	317 	351 	
3 	270 	318 	352 	
3 	271 	319 	353 	
3 	272 	320 	354 	
3 	273 	321 	355 	
3 	274 	322 	356 	
3 	275 	323 	357 	
3 	276 	324 	358 	
3 	277 	325 	359 	
3 	278 	326 	360 	
3 	279 	327 	361 	
3 	280 	328 	362 	
3 	281 	329 	363 	
3 	282 	330 	364 	
3 	283 	331 	365 	
3 	284 	332 	366 	
3 	285 	333 	367 	
3 	286 	334 	368 	
3 	287 	335 	369 	
3 	288 	336 	370 	
3 	289 	295 	371 	
3 	290 	296 	372 	
3 	291 	297 	373 	
3 	292 	298 	374 	
3 	293 	299 	375 	
3 	294 	300 	376 	
3 	253 	302 	352 	
3 	254 	303 	353 	
3 	255 	304 	354 	
3 	256 	305 	355 	
3 	257 	306 	356 	
3 	258 	307 	357 	
3 	259 	308 	358 	
3 	260 	309 	359 	
3 	261 	310 	360 	
3 	262 	311 	361 	
3 	263 	312 	362 	
3 	264 	313 	363 	
3 	265 	314 	364 	
3 	266 	315 	365 	
3 	267 	316 	366 	
3 	268 	317 	367 	
3 	269 	318 	368 	
3 	270 	319 	369 	
3 	271 	320 	370 	
3 	272 	321 	371 	
3 	273 	322 	372 	
3 	274 	323 	373 	
3 	275 	324 	374 	
3 	276 	325 	375 	
3 	277 	326 	376 	
3 	278 	327 	377 	
3 	279 	328 	378 	
3 	280 	329 	337 	
3 	281 	330 	338 	
3 	282 	331 	339 	
3 	283 	332 	340 	
3 	284 	333 	341 	
3 	285 	334 	342 	
3 	286 	335 	343 	
3 	287 	336 	344 	
3 	288 	295 	345 	
3 	289 	296 	346 	
3 	290 	297 	347 	
3 	291 	298 	348 	
3 	292 	299 	349 	
3 	293 	300 	350 	
3 	294 	301 	351 	
3 	253 	304 	368 	
3 	254 	305 	369 	
3 	255 	306 	370 	
3 	256 	307 	371 	
3 	257 	308 	372 	
3 	258 	309 	373 	
3 	259 	310 	374 	
3 	260 	311 	375 	
3 	261 	312 	376 	
3 	262 	313 	377 	
3 	263 	314 	378 	
3 	264 	315 	337 	
3 	265 	316 	338 	
3 	266 	317 	339 	
3 	267 	318 	340 	
3 	268 	319 	341 	
3 	269 	320 	342 	
3 	270 	321 	343 	
3 	271 	322 	344 	
3 	272 	323 	345 	
3 	273 	324 	346 	
3 	274 	325 	347 	
3 	275 	326 	348 	
3 	276 	327 	349 	
3 	277 	328 	350 	
3 	278 	329 	351 	
3 	279 	330 	352 	
3 	280 	331 	353 	
3 	281 	332 	354 	
3 	282 	333 	355 	
3 	283 	334 	356 	
3 	284 	335 	357 	
3 	285 	336 	358 	
3 	286 	295 	359 	
3 	287 	296 	360 	
3 	288 	297 	361 	
3 	289 	298 	362 	
3 	290 	299 	363 	
3 	291 	300 	364 	
3 	292 	301 	365 	
3 	293 	302 	366 	
3 	294 	303 	367 	
3 	253 	325 	372 	
3 	254 	326 	373 	
3 	255 	327 	374 	
3 	256 	328 	375 	
3 	257 	329 	376 	
3 	258 	330 	377 	
3 	259 	331 	378 	
3 	260 	332 	337 	
3 	261 	333 	338 	
3 	262 	334 	339 	
3 	263 	335 	340 	
3 	264 	336 	341 	
3 	265 	295 	342 	
3 	266 	296 	343 	
3 	267 	297 	344 	
3 	268 	298 	345 	
3 	269 	299 	346 	
3 	270 	300 	347 	
3 	271 	301 	348 	
3 	272 	302 	349 	
3 	273 	303 	350 	
3 	274 	304 	351 	
3 	275 	305 	352 	
3 	276 	306 	353 	
3 	277 	307 	354 	
3 	278 	308 	355 	
3 	279 	309 	356 	
3 	280 	310 	357 	
3 	281 	311 	358 	
3 	282 	312 	359 	
3 	283 	313 	360 	
3 	284 	314 	361 	
3 	285 	315 	362 	
3 	286 	316 	363 	
3 	287 	317 	364 	
3 	288 	318 	365 	
3 	289 	319 	366 	
3 	290 	320 	367 	
3 	291 	321 	368 	
3 	292 	322 	369 	
3 	293 	323 	370 	
3 	294 	324 	371 	
3 	379 	421 	463 	
3 	380 	422 	464 	
3 	381 	423 	465 	
3 	382 	424 	466 	
3 	383 	425 	467 	
3 	384 	426 	468 	
3 	385 	427 	469 	
3 	386 	428 	470 	
3 	387 	429 	471 	
3 	388 	430 	472 	
3 	389 	431 	473 	
3 	390 	432 	474 	
3 	391 	433 	475 	
3 	392 	434 	476 	
3 	393 	435 	477 	
3 	394 	436 	478 	
3 	395 	437 	479 	
3 	396 	438 	480 	
3 	397 	439 	481 	
3 	398 	440 	482 	
3 	399 	441 	483 	
3 	400 	442 	484 	
3 	401 	443 	485 	
3 	402 	444 	486 	
3 	403 	445 	487 	
3 	404 	446 	488 	
3 	405 	447 	489 	
3 	406 	448 	490 	
3 	407 	449 	491 	
3 	408 	450 	492 	
3 	409 	451 	493 	
3 	410 	452 	494 	
3 	411 	453 	495 	
3 	412 	454 	496 	
3 	413 	455 	497 	
3 	414 	456 	498 	
3 	415 	457 	499 	
3 	416 	458 	500 	
3 	417 	459 	501 	
3 	418 	460 	502 	
3 	419 	461 	503 	
3 	420 	462 	504 	
3 	379 	427 	503 	
3 	380 	428 	504 	
3 	381 	429 	463 	
3 	382 	430 	464 	
3 	383 	431 	465 	
3 	384 	432 	466 	
3 	385 	433 	467 	
3 	386 	434 	468 	
3 	387 	435 	469 	
3 	388 	436 	470 	
3 	389 	437 	471 	
3 	390 	438 	472 	
3 	391 	439 	473 	
3 	392 	440 	474 	
3 	393 	441 	475 	
3 	394 	442 	476 	
3 	395 	443 	477 	
3 	396 	444 	478 	
3 	397 	445 	479 	
3 	398 	446 	480 	
3 	399 	447 	481 	
3 	400 	448 	482 	
3 	401 	449 	483 	
3 	402 	450 	484 	
3 	403 	451 	485 	
3 	404 	452 	486 	
3 	405 	453 	487 	
3 	406 	454 	488 	
3 	407 	455 	489 	
3 	408 	456 	490 	
3 	409 	457 	491 	
3 	410 	458 	492 	
3 	411 	459 	493 	
3 	412 	460 	494 	
3 	413 	461 	495 	
3 	414 	462 	496 	
3 	415 	421 	497 	
3 	416 	422 	498 	
3 	417 	423 	499 	
3 	418 	424 	500 	
3 	419 	425 	501 	
3 	420 	426 	502 	
3 	379 	428 	478 	
3 	380 	429 	479 	
3 	381 	430 	480 	
3 	382 	431 	481 	
3 	383 	432 	482 	
3 	384 	433 	483 	
3 	385 	434 	484 	
3 	386 	435 	485 	
3 	387 	436 	486 	
3 	388 	437 	487 	
3 	389 	438 	488 	
3 	390 	439 	489 	
3 	391 	440 	490 	
3 	392 	441 	491 	
3 	393 	442 	492 	
3 	394 	443 	493 	
3 	395 	444 	494 	
3 	396 	445 	495 	
3 	397 	446 	496 	
3 	398 	447 	497 	
3 	399 	448 	498 	
3 	400 	449 	499 	
3 	401 	450 	500 	
3 	402 	451 	501 	
3 	403 	452 	502 	
3 	404 	453 	503 	
3 	405 	454 	504 	
3 	406 	455 	463 	
3 	407 	456 	464 	
3 	408 	457 	465 	
3 	409 	458 	466 	
3 	410 	459 	467 	
3 	411 	460 	468 	
3 	412 	461 	469 	
3 	413 	462 	470 	
3 	414 	421 	471 	
3 	415 	422 	472 	
3 	416 	423 	473 	
3 	417 	424 	474 	
3 	418 	425 	475 	
3 	419 	426 	476 	
3 	420 	427 	477 	
3 	379 	430 	494 	
3 	380 	431 	495 	
3 	381 	432 	496 	
3 	382 	433 	497 	
3 	383 	434 	498 	
3 	384 	435 	499 	
3 	385 	436 	500 	
3 	386 	437 	501 	
3 	387 	438 	502 	
3 	388 	439 	503 	
3 	389 	440 	504 	
3 	390 	441 	463 	
3 	391 	442 	464 	
3 	392 	443 	465 	
3 	393 	444 	466 	
3 	394 	445 	467 	
3 	395 	446 	468 	
3 	396 	447 	469 	
3 	397 	448 	470 	
3 	398 	449 	471 	
3 	399 	450 	472 	
3 	400 	451 	473 	
3 	401 	452 	474 	
3 	402 	453 	475 	
3 	403 	454 	476 	
3 	404 	455 	477 	
3 	405 	456 	478 	
3 	406 	457 	479 	
3 	407 	458 	480 	
3 	408 	459 	481 	
3 	409 	460 	482 	
3 	410 	461 	483 	
3 	411 	462 	484 	
3 	412 	421 	485 	
3 	413 	422 	486 	
3 	414 	423 	487 	
3 	415 	424 	488 	
3 	416 	425 	489 	
3 	417 	426 	490 	
3 	418 	427 	491 	
3 	419 	428 	492 	
3 	420 	429 	493 	
3 	379 	451 	498 	
3 	380 	452 	499 	
3 	381 	453 	500 	
3 	382 	454 	501 	
3 	383 	455 	502 	
3 	384 	456 	503 	
3 	385 	457 	504 	
3 	386 	458 	463 	
3 	387 	459 	464 	
3 	388 	460 	465 	
3 	389 	461 	466 	
3 	390 	462 	467 	
3 	391 	421 	468 	
3 	392 	422 	469 	
3 	393 	423 	470 	
3 	394 	424 	471 	
3 	395 	425 	472 	
3 	396 	426 	473 	
3 	397 	427 	474 	
3 	398 	428 	475 	
3 	399 	429 	476 	
3 	400 	430 	477 	
3 	401 	431 	478 	
3 	402 	432 	479 	
3 	403 	433 	480 	
3 	404 	434 	481 	
3 	405 	435 	482 	
3 	406 	436 	483 	
3 	407 	437 	484 	
3 	408 	438 	485 	
3 	409 	439 	486 	
3 	410 	440 	487 	
3 	411 	441 	488 	
3 	412 	442 	489 	
3 	413 	443 	490 	
3 	414 	444 	491 	
3 	415 	445 	492 	
3 	416 	446 	493 	
3 	417 	447 	494 	
3 	418 	448 	495 	
3 	419 	449 	496 	
3 	420 	450 	497 	
3 	505 	547 	589 	
3 	506 	548 	590 	
3 	507 	549 	591 	
3 	508 	550 	592 	
3 	509 	551 	593 	
3 	510 	552 	594 	
3 	511 	553 	595 	
3 	512 	554 	596 	
3 	513 	555 	597 	
3 	514 	556 	598 	
3 	515 	557 	599 	
3 	516 	558 	600 	
3 	517 	559 	601 	
3 	518 	560 	602 	
3 	519 	561 	603 	
3 	520 	562 	604 	
3 	521 	563 	605 	
3 	522 	564 	606 	
3 	523 	565 	607 	
3 	524 	566 	608 	
3 	525 	567 	609 	
3 	526 	568 	610 	
3 	527 	569 	611 	
3 	528 	570 	612 	
3 	529 	571 	613 	
3 	530 	572 	614 	
3 	531 	573 	615 	
3 	532 	574 	616 	
3 	533 	575 	617 	
3 	534 	576 	618 	
3 	535 	577 	619 	
3 	536 	578 	620 	
3 	537 	579 	621 	
3 	538 	580 	622 	
3 	539 	581 	623 	
3 	540 	582 	624 	
3 	541 	583 	625 	
3 	542 	584 	626 	
3 	543 	585 	627 	
3 	544 	586 	628 	
3 	545 	587 	629 	
3 	546 	588 	630 	
3 	505 	553 	629 	
3 	506 	554 	630 	
3 	507 	555 	589 	
3 	508 	556 	590 	
3 	509 	557 	591 	
3 	510 	558 	592 	
3 	511 	559 	593 	
3 	512 	560 	594 	
3 	513 	561 	595 	
3 	514 	562 	596 	
3 	515 	563 	597 	
3 	516 	564 	598 	
3 	517 	565 	599 	
3 	518 	566 	600 	
3 	519 	567 	601 	
3 	520 	568 	602 	
3 	521 	569 	603 	
3 	522 	570 	604 	
3 	523 	571 	605 	
3 	524 	572 	606 	
3 	525 	573 	607 	
3 	526 	574 	608 	
3 	527 	575 	609 	
3 	528 	576 	610 	
3 	529 	577 	611 	
3 	530 	578 	612 	
3 	531 	579 	613 	
3 	532 	580 	614 	
3 	533 	581 	615 	
3 	534 	582 	616 	
3 	535 	583 	617 	
3 	536 	584 	618 	
3 	537 	585 	619 	
3 	538 	586 	620 	
3 	539 	587 	621 	
3 	540 	588 	622 	
3 	541 	547 	623 	
3 	542 	548 	624 	
3 	543 	549 	625 	
3 	544 	550 	626 	
3 	545 	551 	627 	
3 	546 	552 	628 	
3 	505 	554 	604 	
3 	506 	555 	605 	
3 	507 	556 	606 	
3 	508 	557 	607 	
3 	509 	558 	608 	
3 	510 	559 	609 	
3 	511 	560 	610 	
3 	512 	561 	611 	
3 	513 	562 	612 	
3 	514 	563 	613 	
3 	515 	564 	614 	
3 	516 	565 	615 	
3 	517 	566 	616 	
3 	518 	567 	617 	
3 	519 	568 	618 	
3 	520 	569 	619 	
3 	521 	570 	620 	
3 	522 	571 	621 	
3 	523 	572 	622 	
3 	524 	573 	623 	
3 	525 	574 	624 	
3 	526 	575 	625 	
3 	527 	576 	626 	
3 	528 	577 	627 	
3 	529 	578 	628 	
3 	530 	579 	629 	
3 	531 	580 	630 	
3 	532 	581 	589 	
3 	533 	582 	590 	
3 	534 	583 	591 	
3 	535 	584 	592 	
3 	536 	585 	593 	
3 	537 	586 	594 	
3 	538 	587 	595 	
3 	539 	588 	596 	
3 	540 	547 	597 	
3 	541 	548 	598 	
3 	542 	549 	599 	
3 	543 	550 	600 	
3 	544 	551 	601 	
3 	545 	552 	602 	
3 	546 	553 	603 	
3 	505 	556 	620 	
3 	506 	557 	621 	
3 	507 	558 	622 	
3 	508 	559 	623 	
3 	509 	560 	624 	
3 	510 	561 	625 	
3 	511 	562 	626 	
3 	512 	563 	627 	
3 	513 	564 	628 	
3 	514 	565 	629 	
3 	515 	566 	630 	
3 	516 	567 	589 	
3 	517 	568 	590 	
3 	518 	569 	591 	
3 	519 	570 	592 	
3 	520 	571 	593 	
3 	521 	572 	594 	
3 	522 	573 	595 	
3 	523 	574 	596 	
3 	524 	575 	597 	
3 	525 	576 	598 	
3 	526 	577 	599 	
3 	527 	578 	600 	
3 	528 	579 	601 	
3 	529 	580 	602 	
3 	530 	581 	603 	
3 	531 	582 	604 	
3 	532 	583 	605 	
3 	533 	584 	606 	
3 	534 	585 	607 	
3 	535 	586 	608 	
3 	536 	587 	609 	
3 	537 	588 	610 	
3 	538 	547 	611 	
3 	539 	548 	612 	
3 	540 	549 	613 	
3 	541 	550 	614 	
3 	542 	551 	615 	
3 	543 	552 	616 	
3 	544 	553 	617 	
3 	545 	554 	618 	
3 	546 	555 	619 	
3 	505 	577 	624 	
3 	506 	578 	625 	
3 	507 	579 	626 	
3 	508 	580 	627 	
3 	509 	581 	628 	
3 	510 	582 	629 	
3 	511 	583 	630 	
3 	512 	584 	589 	
3 	513 	585 	590 	
3 	514 	586 	591 	
3 	515 	587 	592 	
3 	516 	588 	593 	
3 	517 	547 	594 	
3 	518 	548 	595 	
3 	519 	549 	596 	
3 	520 	550 	597 	
3 	521 	551 	598 	
3 	522 	552 	599 	
3 	523 	553 	600 	
3 	524 	554 	601 	
3 	525 	555 	602 	
3 	526 	556 	603 	
3 	527 	557 	604 	
3 	528 	558 	605 	
3 	529 	559 	606 	
3 	530 	560 	607 	
3 	531 	561 	608 	
3 	532 	562 	609 	
3 	533 	563 	610 	
3 	534 	564 	611 	
3 	535 	565 	612 	
3 	536 	566 	613 	
3 	537 	567 	614 	
3 	538 	568 	615 	
3 	539 	569 	616 	
3 	540 	570 	617 	
3 	541 	571 	618 	
3 	542 	572 	619 	
3 	543 	573 	620 	
3 	544 	574 	621 	
3 	545 	575 	622 	
3 	546 	576 	623 	
5 	1 	127 	253 	379 	505 	
5 	2 	128 	254 	380 	506 	
5 	3 	129 	255 	381 	507 	
5 	4 	130 	256 	382 	508 	
5 	5 	131 	257 	383 	509 	
5 	6 	132 	258 	384 	510 	
5 	7 	133 	259 	385 	511 	
5 	8 	134 	260 	386 	512 	
5 	9 	135 	261 	387 	513 	
5 	10 	136 	262 	388 	514 	
5 	11 	137 	263 	389 	515 	
5 	12 	138 	264 	390 	516 	
5 	13 	139 	265 	391 	517 	
5 	14 	140 	266 	392 	518 	
5 	15 	141 	267 	393 	519 	
5 	16 	142 	268 	394 	520 	
5 	17 	143 	269 	395 	521 	
5 	18 	144 	270 	396 	522 	
5 	19 	145 	271 	397 	523 	
5 	20 	146 	272 	398 	524 	
5 	21 	147 	273 	399 	525 	
5 	22 	148 	274 	400 	526 	
5 	23 	149 	275 	401 	527 	
5 	24 	150 	276 	402 	528 	
5 	25 	151 	277 	403 	529 	
5 	26 	152 	278 	404 	530 	
5 	27 	153 	279 	405 	531 	
5 	28 	154 	280 	406 	532 	
5 	29 	155 	281 	407 	533 	
5 	30 	156 	282 	408 	534 	
5 	31 	157 	283 	409 	535 	
5 	32 	158 	284 	410 	536 	
5 	33 	159 	285 	411 	537 	
5 	34 	160 	286 	412 	538 	
5 	35 	161 	287 	413 	539 	
5 	36 	162 	288 	414 	540 	
5 	37 	163 	289 	415 	541 	
5 	38 	164 	290 	416 	542 	
5 	39 	165 	291 	417 	543 	
5 	40 	166 	292 	418 	544 	
5 	41 	167 	293 	419 	545 	
5 	42 	168 	294 	420 	546 	
5 	43 	169 	295 	421 	547 	
5 	44 	170 	296 	422 	548 	
5 	45 	171 	297 	423 	549 	
5 	46 	172 	298 	424 	550 	
5 	47 	173 	299 	425 	551 	
5 	48 	174 	300 	426 	552 	
5 	49 	175 	301 	427 	553 	
5 	50 	176 	302 	428 	554 	
5 	51 	177 	303 	429 	555 	
5 	52 	178 	304 	430 	556 	
5 	53 	179 	305 	431 	557 	
5 	54 	180 	306 	432 	558 	
5 	55 	181 	307 	433 	559 	
5 	56 	182 	308 	434 	560 	
5 	57 	183 	309 	435 	561 	
5 	58 	184 	310 	436 	562 	
5 	59 	185 	311 	437 	563 	
5 	60 	186 	312 	438 	564 	
5 	61 	187 	313 	439 	565 	
5 	62 	188 	314 	440 	566 	
5 	63 	189 	315 	441 	567 	
5 	64 	190 	316 	442 	568 	
5 	65 	191 	317 	443 	569 	
5 	66 	192 	318 	444 	570 	
5 	67 	193 	319 	445 	571 	
5 	68 	194 	320 	446 	572 	
5 	69 	195 	321 	447 	573 	
5 	70 	196 	322 	448 	574 	
5 	71 	197 	323 	449 	575 	
5 	72 	198 	324 	450 	576 	
5 	73 	199 	325 	451 	577 	
5 	74 	200 	326 	452 	578 	
5 	75 	201 	327 	453 	579 	
5 	76 	202 	328 	454 	580 	
5 	77 	203 	329 	455 	581 	
5 	78 	204 	330 	456 	582 	
5 	79 	205 	331 	457 	583 	
5 	80 	206 	332 	458 	584 	
5 	81 	207 	333 	459 	585 	
5 	82 	208 	334 	460 	586 	
5 	83 	209 	335 	461 	587 	
5 	84 	210 	336 	462 	588 	
5 	85 	211 	337 	463 	589 	
5 	86 	212 	338 	464 	590 	
5 	87 	213 	339 	465 	591 	
5 	88 	214 	340 	466 	592 	
5 	89 	215 	341 	467 	593 	
5 	90 	216 	342 	468 	594 	
5 	91 	217 	343 	469 	595 	
5 	92 	218 	344 	470 	596 	
5 	93 	219 	345 	471 	597 	
5 	94 	220 	346 	472 	598 	
5 	95 	221 	347 	473 	599 	
5 	96 	222 	348 	474 	600 	
5 	97 	223 	349 	475 	601 	
5 	98 	224 	350 	476 	602 	
5 	99 	225 	351 	477 	603 	
5 	100 	226 	352 	478 	604 	
5 	101 	227 	353 	479 	605 	
5 	102 	228 	354 	480 	606 	
5 	103 	229 	355 	481 	607 	
5 	104 	230 	356 	482 	608 	
5 	105 	231 	357 	483 	609 	
5 	106 	232 	358 	484 	610 	
5 	107 	233 	359 	485 	611 	
5 	108 	234 	360 	486 	612 	
5 	109 	235 	361 	487 	613 	
5 	110 	236 	362 	488 	614 	
5 	111 	237 	363 	489 	615 	
5 	112 	238 	364 	490 	616 	
5 	113 	239 	365 	491 	617 	
5 	114 	240 	366 	492 	618 	
5 	115 	241 	367 	493 	619 	
5 	116 	242 	368 	494 	620 	
5 	117 	243 	369 	495 	621 	
5 	118 	244 	370 	496 	622 	
5 	119 	245 	371 	497 	623 	
5 	120 	246 	372 	498 	624 	
5 	121 	247 	373 	499 	625 	
5 	122 	248 	374 	500 	626 	
5 	123 	249 	375 	501 	627 	
5 	124 	250 	376 	502 	628 	
5 	125 	251 	377 	503 	629 	
5 	126 	252 	378 	504 	630 	
5 	1 	163 	288 	412 	517 	
5 	2 	164 	289 	413 	518 	
5 	3 	165 	290 	414 	519 	
5 	4 	166 	291 	415 	520 	
5 	5 	167 	292 	416 	521 	
5 	6 	168 	293 	417 	522 	
5 	7 	127 	294 	418 	523 	
5 	8 	128 	253 	419 	524 	
5 	9 	129 	254 	420 	525 	
5 	10 	130 	255 	379 	526 	
5 	11 	131 	256 	380 	527 	
5 	12 	132 	257 	381 	528 	
5 	13 	133 	258 	382 	529 	
5 	14 	134 	259 	383 	530 	
5 	15 	135 	260 	384 	531 	
5 	16 	136 	261 	385 	532 	
5 	17 	137 	262 	386 	533 	
5 	18 	138 	263 	387 	534 	
5 	19 	139 	264 	388 	535 	
5 	20 	140 	265 	389 	536 	
5 	21 	141 	266 	390 	537 	
5 	22 	142 	267 	391 	538 	
5 	23 	143 	268 	392 	539 	
5 	24 	144 	269 	393 	540 	
5 	25 	145 	270 	394 	541 	
5 	26 	146 	271 	395 	542 	
5 	27 	147 	272 	396 	543 	
5 	28 	148 	273 	397 	544 	
5 	29 	149 	274 	398 	545 	
5 	30 	150 	275 	399 	546 	
5 	31 	151 	276 	400 	505 	
5 	32 	152 	277 	401 	506 	
5 	33 	153 	278 	402 	507 	
5 	34 	154 	279 	403 	508 	
5 	35 	155 	280 	404 	509 	
5 	36 	156 	281 	405 	510 	
5 	37 	157 	282 	406 	511 	
5 	38 	158 	283 	407 	512 	
5 	39 	159 	284 	408 	513 	
5 	40 	160 	285 	409 	514 	
5 	41 	161 	286 	410 	515 	
5 	42 	162 	287 	411 	516 	
5 	43 	205 	330 	454 	559 	
5 	44 	206 	331 	455 	560 	
5 	45 	207 	332 	456 	561 	
5 	46 	208 	333 	457 	562 	
5 	47 	209 	334 	458 	563 	
5 	48 	210 	335 	459 	564 	
5 	49 	169 	336 	460 	565 	
5 	50 	170 	295 	461 	566 	
5 	51 	171 	296 	462 	567 	
5 	52 	172 	297 	421 	568 	
5 	53 	173 	298 	422 	569 	
5 	54 	174 	299 	423 	570 	
5 	55 	175 	300 	424 	571 	
5 	56 	176 	301 	425 	572 	
5 	57 	177 	302 	426 	573 	
5 	58 	178 	303 	427 	574 	
5 	59 	179 	304 	428 	575 	
5 	60 	180 	305 	429 	576 	
5 	61 	181 	306 	430 	577 	
5 	62 	182 	307 	431 	578 	
5 	63 	183 	308 	432 	579 	
5 	64 	184 	309 	433 	580 	
5 	65 	185 	310 	434 	581 	
5 	66 	186 	311 	435 	582 	
5 	67 	187 	312 	436 	583 	
5 	68 	188 	313 	437 	584 	
5 	69 	189 	314 	438 	585 	
5 	70 	190 	315 	439 	586 	
5 	71 	191 	316 	440 	587 	
5 	72 	192 	317 	441 	588 	
5 	73 	193 	318 	442 	547 	
5 	74 	194 	319 	443 	548 	
5 	75 	195 	320 	444 	549 	
5 	76 	196 	321 	445 	550 	
5 	77 	197 	322 	446 	551 	
5 	78 	198 	323 	447 	552 	
5 	79 	199 	324 	448 	553 	
5 	80 	200 	325 	449 	554 	
5 	81 	201 	326 	450 	555 	
5 	82 	202 	327 	451 	556 	
5 	83 	203 	328 	452 	557 	
5 	84 	204 	329 	453 	558 	
5 	85 	247 	372 	496 	601 	
5 	86 	248 	373 	497 	602 	
5 	87 	249 	374 	498 	603 	
5 	88 	250 	375 	499 	604 	
5 	89 	251 	376 	500 	605 	
5 	90 	252 	377 	501 	606 	
5 	91 	211 	378 	502 	607 	
5 	92 	212 	337 	503 	608 	
5 	93 	213 	338 	504 	609 	
5 	94 	214 	339 	463 	610 	
5 	95 	215 	340 	464 	611 	
5 	96 	216 	341 	465 	612 	
5 	97 	217 	342 	466 	613 	
5 	98 	218 	343 	467 	614 	
5 	99 	219 	344 	468 	615 	
5 	100 	220 	345 	469 	616 	
5 	101 	221 	346 	470 	617 	
5 	102 	222 	347 	471 	618 	
5 	103 	223 	348 	472 	619 	
5 	104 	224 	349 	473 	620 	
5 	105 	225 	350 	474 	621 	
5 	106 	226 	351 	475 	622 	
5 	107 	227 	352 	476 	623 	
5 	108 	228 	353 	477 	624 	
5 	109 	229 	354 	478 	625 	
5 	110 	230 	355 	479 	626 	
5 	111 	231 	356 	480 	627 	
5 	112 	232 	357 	481 	628 	
5 	113 	233 	358 	482 	629 	
5 	114 	234 	359 	483 	630 	
5 	115 	235 	360 	484 	589 	
5 	116 	236 	361 	485 	590 	
5 	117 	237 	362 	486 	591 	
5 	118 	238 	363 	487 	592 	
5 	119 	239 	364 	488 	593 	
5 	120 	240 	365 	489 	594 	
5 	121 	241 	366 	490 	595 	
5 	122 	242 	367 	491 	596 	
5 	123 	243 	368 	492 	597 	
5 	124 	244 	369 	493 	598 	
5 	125 	245 	370 	494 	599 	
5 	126 	246 	371 	495 	600 	
5 	1 	129 	280 	390 	512 	
5 	2 	130 	281 	391 	513 	
5 	3 	131 	282 	392 	514 	
5 	4 	132 	283 	393 	515 	
5 	5 	133 	284 	394 	516 	
5 	6 	134 	285 	395 	517 	
5 	7 	135 	286 	396 	518 	
5 	8 	136 	287 	397 	519 	
5 	9 	137 	288 	398 	520 	
5 	10 	138 	289 	399 	521 	
5 	11 	139 	290 	400 	522 	
5 	12 	140 	291 	401 	523 	
5 	13 	141 	292 	402 	524 	
5 	14 	142 	293 	403 	525 	
5 	15 	143 	294 	404 	526 	
5 	16 	144 	253 	405 	527 	
5 	17 	145 	254 	406 	528 	
5 	18 	146 	255 	407 	529 	
5 	19 	147 	256 	408 	530 	
5 	20 	148 	257 	409 	531 	
5 	21 	149 	258 	410 	532 	
5 	22 	150 	259 	411 	533 	
5 	23 	151 	260 	412 	534 	
5 	24 	152 	261 	413 	535 	
5 	25 	153 	262 	414 	536 	
5 	26 	154 	263 	415 	537 	
5 	27 	155 	264 	416 	538 	
5 	28 	156 	265 	417 	539 	
5 	29 	157 	266 	418 	540 	
5 	30 	158 	267 	419 	541 	
5 	31 	159 	268 	420 	542 	
5 	32 	160 	269 	379 	543 	
5 	33 	161 	270 	380 	544 	
5 	34 	162 	271 	381 	545 	
5 	35 	163 	272 	382 	546 	
5 	36 	164 	273 	383 	505 	
5 	37 	165 	274 	384 	506 	
5 	38 	166 	275 	385 	507 	
5 	39 	167 	276 	386 	508 	
5 	40 	168 	277 	387 	509 	
5 	41 	127 	278 	388 	510 	
5 	42 	128 	279 	389 	511 	
5 	43 	171 	322 	432 	554 	
5 	44 	172 	323 	433 	555 	
5 	45 	173 	324 	434 	556 	
5 	46 	174 	325 	435 	557 	
5 	47 	175 	326 	436 	558 	
5 	48 	176 	327 	437 	559 	
5 	49 	177 	328 	438 	560 	
5 	50 	178 	329 	439 	561 	
5 	51 	179 	330 	440 	562 	
5 	52 	180 	331 	441 	563 	
5 	53 	181 	332 	442 	564 	
5 	54 	182 	333 	443 	565 	
5 	55 	183 	334 	444 	566 	
5 	56 	184 	335 	445 	567 	
5 	57 	185 	336 	446 	568 	
5 	58 	186 	295 	447 	569 	
5 	59 	187 	296 	448 	570 	
5 	60 	188 	297 	449 	571 	
5 	61 	189 	298 	450 	572 	
5 	62 	190 	299 	451 	573 	
5 	63 	191 	300 	452 	574 	
5 	64 	192 	301 	453 	575 	
5 	65 	193 	302 	454 	576 	
5 	66 	194 	303 	455 	577 	
5 	67 	195 	304 	456 	578 	
5 	68 	196 	305 	457 	579 	
5 	69 	197 	306 	458 	580 	
5 	70 	198 	307 	459 	581 	
5 	71 	199 	308 	460 	582 	
5 	72 	200 	309 	461 	583 	
5 	73 	201 	310 	462 	584 	
5 	74 	202 	311 	421 	585 	
5 	75 	203 	312 	422 	586 	
5 	76 	204 	313 	423 	587 	
5 	77 	205 	314 	424 	588 	
5 	78 	206 	315 	425 	547 	
5 	79 	207 	316 	426 	548 	
5 	80 	208 	317 	427 	549 	
5 	81 	209 	318 	428 	550 	
5 	82 	210 	319 	429 	551 	
5 	83 	169 	320 	430 	552 	
5 	84 	170 	321 	431 	553 	
5 	85 	213 	364 	474 	596 	
5 	86 	214 	365 	475 	597 	
5 	87 	215 	366 	476 	598 	
5 	88 	216 	367 	477 	599 	
5 	89 	217 	368 	478 	600 	
5 	90 	218 	369 	479 	601 	
5 	91 	219 	370 	480 	602 	
5 	92 	220 	371 	481 	603 	
5 	93 	221 	372 	482 	604 	
5 	94 	222 	373 	483 	605 	
5 	95 	223 	374 	484 	606 	
5 	96 	224 	375 	485 	607 	
5 	97 	225 	376 	486 	608 	
5 	98 	226 	377 	487 	609 	
5 	99 	227 	378 	488 	610 	
5 	100 	228 	337 	489 	611 	
5 	101 	229 	338 	490 	612 	
5 	102 	230 	339 	491 	613 	
5 	103 	231 	340 	492 	614 	
5 	104 	232 	341 	493 	615 	
5 	105 	233 	342 	494 	616 	
5 	106 	234 	343 	495 	617 	
5 	107 	235 	344 	496 	618 	
5 	108 	236 	345 	497 	619 	
5 	109 	237 	346 	498 	620 	
5 	110 	238 	347 	499 	621 	
5 	111 	239 	348 	500 	622 	
5 	112 	240 	349 	501 	623 	
5 	113 	241 	350 	502 	624 	
5 	114 	242 	351 	503 	625 	
5 	115 	243 	352 	504 	626 	
5 	116 	244 	353 	463 	627 	
5 	117 	245 	354 	464 	628 	
5 	118 	246 	355 	465 	629 	
5 	119 	247 	356 	466 	630 	
5 	120 	248 	357 	467 	589 	
5 	121 	249 	358 	468 	590 	
5 	122 	250 	359 	469 	591 	
5 	123 	251 	360 	470 	592 	
5 	124 	252 	361 	471 	593 	
5 	125 	211 	362 	472 	594 	
5 	126 	212 	363 	473 	595 	
8 	1 	43 	85 	127 	169 	1051 	1177 	1303 	
8 	2 	44 	86 	128 	170 	1052 	1178 	1304 	
8 	3 	45 	87 	129 	171 	1053 	1179 	1305 	
8 	4 	46 	88 	130 	172 	1054 	1180 	1306 	
8 	5 	47 	89 	131 	173 	1055 	1181 	1307 	
8 	6 	48 	90 	132 	174 	1056 	1182 	1308 	
8 	7 	49 	91 	133 	175 	1057 	1183 	1309 	
8 	8 	50 	92 	134 	176 	1058 	1184 	1310 	
8 	9 	51 	93 	135 	177 	1059 	1185 	1311 	
8 	10 	52 	94 	136 	178 	1060 	1186 	1312 	
8 	11 	53 	95 	137 	179 	1061 	1187 	1313 	
8 	12 	54 	96 	138 	180 	1062 	1188 	1314 	
8 	13 	55 	97 	139 	181 	1063 	1189 	1315 	
8 	14 	56 	98 	140 	182 	1064 	1190 	1316 	
8 	15 	57 	99 	141 	183 	1065 	1191 	1317 	
8 	16 	58 	100 	142 	184 	1066 	1192 	1318 	
8 	17 	59 	101 	143 	185 	1067 	1193 	1319 	
8 	18 	60 	102 	144 	186 	1068 	1194 	1320 	
8 	19 	61 	103 	145 	187 	1069 	1195 	1321 	
8 	20 	62 	104 	146 	188 	1070 	1196 	1322 	
8 	21 	63 	105 	147 	189 	1071 	1197 	1323 	
8 	22 	64 	106 	148 	190 	1072 	1198 	1324 	
8 	23 	65 	107 	149 	191 	1073 	1199 	1325 	
8 	24 	66 	108 	150 	192 	1074 	1200 	1326 	
8 	25 	67 	109 	151 	193 	1075 	1201 	1327 	
8 	26 	68 	110 	152 	194 	1076 	1202 	1328 	
8 	27 	69 	111 	153 	195 	1077 	1203 	1329 	
8 	28 	70 	112 	154 	196 	1078 	1204 	1330 	
8 	29 	71 	113 	155 	197 	1079 	1205 	1331 	
8 	30 	72 	114 	156 	198 	1080 	1206 	1332 	
8 	31 	73 	115 	157 	199 	1081 	1207 	1333 	
8 	32 	74 	116 	158 	200 	1082 	1208 	1334 	
8 	33 	75 	117 	159 	201 	1083 	1209 	1335 	
8 	34 	76 	118 	160 	202 	1084 	1210 	1336 	
8 	35 	77 	119 	161 	203 	1085 	1211 	1337 	
8 	36 	78 	120 	162 	204 	1086 	1212 	1338 	
8 	37 	79 	121 	163 	205 	1087 	1213 	1339 	
8 	38 	80 	122 	164 	206 	1088 	1214 	1340 	
8 	39 	81 	123 	165 	207 	1089 	1215 	1341 	
8 	40 	82 	124 	166 	208 	1090 	1216 	1342 	
8 	41 	83 	125 	167 	209 	1091 	1217 	1343 	
8 	42 	84 	126 	168 	210 	1092 	1218 	1344 	
8 	1 	79 	120 	160 	181 	1093 	1219 	1345 	
8 	2 	80 	121 	161 	182 	1094 	1220 	1346 	
8 	3 	81 	122 	162 	183 	1095 	1221 	1347 	
8 	4 	82 	123 	163 	184 	1096 	1222 	1348 	
8 	5 	83 	124 	164 	185 	1097 	1223 	1349 	
8 	6 	84 	125 	165 	186 	1098 	1224 	1350 	
8 	7 	43 	126 	166 	187 	1099 	1225 	1351 	
8 	8 	44 	85 	167 	188 	1100 	1226 	1352 	
8 	9 	45 	86 	168 	189 	1101 	1227 	1353 	
8 	10 	46 	87 	127 	190 	1102 	1228 	1354 	
8 	11 	47 	88 	128 	191 	1103 	1229 	1355 	
8 	12 	48 	89 	129 	192 	1104 	1230 	1356 	
8 	13 	49 	90 	130 	193 	1105 	1231 	1357 	
8 	14 	50 	91 	131 	194 	1106 	1232 	1358 	
8 	15 	51 	92 	132 	195 	1107 	1233 	1359 	
8 	16 	52 	93 	133 	196 	1108 	1234 	1360 	
8 	17 	53 	94 	134 	197 	1109 	1235 	1361 	
8 	18 	54 	95 	135 	198 	1110 	1236 	1362 	
8 	19 	55 	96 	136 	199 	1111 	1237 	1363 	
8 	20 	56 	97 	137 	200 	1112 	1238 	1364 	
8 	21 	57 	98 	138 	201 	1113 	1239 	1365 	
8 	22 	58 	99 	139 	202 	1114 	1240 	1366 	
8 	23 	59 	100 	140 	203 	1115 	1241 	1367 	
8 	24 	60 	101 	141 	204 	1116 	1242 	1368 	
8 	25 	61 	102 	142 	205 	1117 	1243 	1369 	
8 	26 	62 	103 	143 	206 	1118 	1244 	1370 	
8 	27 	63 	104 	144 	207 	1119 	1245 	1371 	
8 	28 	64 	105 	145 	208 	1120 	1246 	1372 	
8 	29 	65 	106 	146 	209 	1121 	1247 	1373 	
8 	30 	66 	107 	147 	210 	1122 	1248 	1374 	
8 	31 	67 	108 	148 	169 	1123 	1249 	1375 	
8 	32 	68 	109 	149 	170 	1124 	1250 	1376 	
8 	33 	69 	110 	150 	171 	1125 	1251 	1377 	
8 	34 	70 	111 	151 	172 	1126 	1252 	1378 	
8 	35 	71 	112 	152 	173 	1127 	1253 	1379 	
8 	36 	72 	113 	153 	174 	1128 	1254 	1380 	
8 	37 	73 	114 	154 	175 	1129 	1255 	1381 	
8 	38 	74 	115 	155 	176 	1130 	1256 	1382 	
8 	39 	75 	116 	156 	177 	1131 	1257 	1383 	
8 	40 	76 	117 	157 	178 	1132 	1258 	1384 	
8 	41 	77 	118 	158 	179 	1133 	1259 	1385 	
8 	42 	78 	119 	159 	180 	1134 	1260 	1386 	
8 	1 	45 	112 	138 	176 	1135 	1261 	1387 	
8 	2 	46 	113 	139 	177 	1136 	1262 	1388 	
8 	3 	47 	114 	140 	178 	1137 	1263 	1389 	
8 	4 	48 	115 	141 	179 	1138 	1264 	1390 	
8 	5 	49 	116 	142 	180 	1139 	1265 	1391 	
8 	6 	50 	117 	143 	181 	1140 	1266 	1392 	
8 	7 	51 	118 	144 	182 	1141 	1267 	1393 	
8 	8 	52 	119 	145 	183 	1142 	1268 	1394 	
8 	9 	53 	120 	146 	184 	1143 	1269 	1395 	
8 	10 	54 	121 	147 	185 	1144 	1270 	1396 	
8 	11 	55 	122 	148 	186 	1145 	1271 	1397 	
8 	12 	56 	123 	149 	187 	1146 	1272 	1398 	
8 	13 	57 	124 	150 	188 	1147 	1273 	1399 	
8 	14 	58 	125 	151 	189 	1148 	1274 	1400 	
8 	15 	59 	126 	152 	190 	1149 	1275 	1401 	
8 	16 	60 	85 	153 	191 	1150 	1276 	1402 	
8 	17 	61 	86 	154 	192 	1151 	1277 	1403 	
8 	18 	62 	87 	155 	193 	1152 	1278 	1404 	
8 	19 	63 	88 	156 	194 	1153 	1279 	1405 	
8 	20 	64 	89 	157 	195 	1154 	1280 	1406 	
8 	21 	65 	90 	158 	196 	1155 	1281 	1407 	
8 	22 	66 	91 	159 	197 	1156 	1282 	1408 	
8 	23 	67 	92 	160 	198 	1157 	1283 	1409 	
8 	24 	68 	93 	161 	199 	1158 	1284 	1410 	
8 	25 	69 	94 	162 	200 	1159 	1285 	1411 	
8 	26 	70 	95 	163 	201 	1160 	1286 	1412 	
8 	27 	71 	96 	164 	202 	1161 	1287 	1413 	
8 	28 	72 	97 	165 	203 	1162 	1288 	1414 	
8 	29 	73 	98 	166 	204 	1163 	1289 	1415 	
8 	30 	74 	99 	167 	205 	1164 	1290 	1416 	
8 	31 	75 	100 	168 	206 	1165 	1291 	1417 	
8 	32 	76 	101 	127 	207 	1166 	1292 	1418 	
8 	33 	77 	102 	128 	208 	1167 	1293 	1419 	
8 	34 	78 	103 	129 	209 	1168 	1294 	1420 	
8 	35 	79 	104 	130 	210 	1169 	1295 	1421 	
8 	36 	80 	105 	131 	169 	1170 	1296 	1422 	
8 	37 	81 	106 	132 	170 	1171 	1297 	1423 	
8 	38 	82 	107 	133 	171 	1172 	1298 	1424 	
8 	39 	83 	108 	134 	172 	1173 	1299 	1425 	
8 	40 	84 	109 	135 	173 	1174 	1300 	1426 	
8 	41 	43 	110 	136 	174 	1175 	1301 	1427 	
8 	42 	44 	111 	137 	175 	1176 	1302 	1428 	
8 	211 	253 	295 	337 	379 	1051 	1183 	1343 	
8 	212 	254 	296 	338 	380 	1052 	1184 	1344 	
8 	213 	255 	297 	339 	381 	1053 	1185 	1303 	
8 	214 	256 	298 	340 	382 	1054 	1186 	1304 	
8 	215 	257 	299 	341 	383 	1055 	1187 	1305 	
8 	216 	258 	300 	342 	384 	1056 	1188 	1306 	
8 	217 	259 	301 	343 	385 	1057 	1189 	1307 	
8 	218 	260 	302 	344 	386 	1058 	1190 	1308 	
8 	219 	261 	303 	345 	387 	1059 	1191 	1309 	
8 	220 	262 	304 	346 	388 	1060 	1192 	1310 	
8 	221 	263 	305 	347 	389 	1061 	1193 	1311 	
8 	222 	264 	306 	348 	390 	1062 	1194 	1312 	
8 	223 	265 	307 	349 	391 	1063 	1195 	1313 	
8 	224 	266 	308 	350 	392 	1064 	1196 	1314 	
8 	225 	267 	309 	351 	393 	1065 	1197 	1315 	
8 	226 	268 	310 	352 	394 	1066 	1198 	1316 	
8 	227 	269 	311 	353 	395 	1067 	1199 	1317 	
8 	228 	270 	312 	354 	396 	1068 	1200 	1318 	
8 	229 	271 	313 	355 	397 	1069 	1201 	1319 	
8 	230 	272 	314 	356 	398 	1070 	1202 	1320 	
8 	231 	273 	315 	357 	399 	1071 	1203 	1321 	
8 	232 	274 	316 	358 	400 	1072 	1204 	1322 	
8 	233 	275 	317 	359 	401 	1073 	1205 	1323 	
8 	234 	276 	318 	360 	402 	1074 	1206 	1324 	
8 	235 	277 	319 	361 	403 	1075 	1207 	1325 	
8 	236 	278 	320 	362 	404 	1076 	1208 	1326 	
8 	237 	279 	321 	363 	405 	1077 	1209 	1327 	
8 	238 	280 	322 	364 	406 	1078 	1210 	1328 	
8 	239 	281 	323 	365 	407 	1079 	1211 	1329 	
8 	240 	282 	324 	366 	408 	1080 	1212 	1330 	
8 	241 	283 	325 	367 	409 	1081 	1213 	1331 	
8 	242 	284 	326 	368 	410 	1082 	1214 	1332 	
8 	243 	285 	327 	369 	411 	1083 	1215 	1333 	
8 	244 	286 	328 	370 	412 	1084 	1216 	1334 	
8 	245 	287 	329 	371 	413 	1085 	1217 	1335 	
8 	246 	288 	330 	372 	414 	1086 	1218 	1336 	
8 	247 	289 	331 	373 	415 	1087 	1177 	1337 	
8 	248 	290 	332 	374 	416 	1088 	1178 	1338 	
8 	249 	291 	333 	375 	417 	1089 	1179 	1339 	
8 	250 	292 	334 	376 	418 	1090 	1180 	1340 	
8 	251 	293 	335 	377 	419 	1091 	1181 	1341 	
8 	252 	294 	336 	378 	420 	1092 	1182 	1342 	
8 	211 	289 	330 	370 	391 	1093 	1225 	1385 	
8 	212 	290 	331 	371 	392 	1094 	1226 	1386 	
8 	213 	291 	332 	372 	393 	1095 	1227 	1345 	
8 	214 	292 	333 	373 	394 	1096 	1228 	1346 	
8 	215 	293 	334 	374 	395 	1097 	1229 	1347 	
8 	216 	294 	335 	375 	396 	1098 	1230 	1348 	
8 	217 	253 	336 	376 	397 	1099 	1231 	1349 	
8 	218 	254 	295 	377 	398 	1100 	1232 	1350 	
8 	219 	255 	296 	378 	399 	1101 	1233 	1351 	
8 	220 	256 	297 	337 	400 	1102 	1234 	1352 	
8 	221 	257 	298 	338 	401 	1103 	1235 	1353 	
8 	222 	258 	299 	339 	402 	1104 	1236 	1354 	
8 	223 	259 	300 	340 	403 	1105 	1237 	1355 	
8 	224 	260 	301 	341 	404 	1106 	1238 	1356 	
8 	225 	261 	302 	342 	405 	1107 	1239 	1357 	
8 	226 	262 	303 	343 	406 	1108 	1240 	1358 	
8 	227 	263 	304 	344 	407 	1109 	1241 	1359 	
8 	228 	264 	305 	345 	408 	1110 	1242 	1360 	
8 	229 	265 	306 	346 	409 	1111 	1243 	1361 	
8 	230 	266 	307 	347 	410 	1112 	1244 	1362 	
8 	231 	267 	308 	348 	411 	1113 	1245 	1363 	
8 	232 	268 	309 	349 	412 	1114 	1246 	1364 	
8 	233 	269 	310 	350 	413 	1115 	1247 	1365 	
8 	234 	270 	311 	351 	414 	1116 	1248 	1366 	
8 	235 	271 	312 	352 	415 	1117 	1249 	1367 	
8 	236 	272 	313 	353 	416 	1118 	1250 	1368 	
8 	237 	273 	314 	354 	417 	1119 	1251 	1369 	
8 	238 	274 	315 	355 	418 	1120 	1252 	1370 	
8 	239 	275 	316 	356 	419 	1121 	1253 	1371 	
8 	240 	276 	317 	357 	420 	1122 	1254 	1372 	
8 	241 	277 	318 	358 	379 	1123 	1255 	1373 	
8 	242 	278 	319 	359 	380 	1124 	1256 	1374 	
8 	243 	279 	320 	360 	381 	1125 	1257 	1375 	
8 	244 	280 	321 	361 	382 	1126 	1258 	1376 	
8 	245 	281 	322 	362 	383 	1127 	1259 	1377 	
8 	246 	282 	323 	363 	384 	1128 	1260 	1378 	
8 	247 	283 	324 	364 	385 	1129 	1219 	1379 	
8 	248 	284 	325 	365 	386 	1130 	1220 	1380 	
8 	249 	285 	326 	366 	387 	1131 	1221 	1381 	
8 	250 	286 	327 	367 	388 	1132 	1222 	1382 	
8 	251 	287 	328 	368 	389 	1133 	1223 	1383 	
8 	252 	288 	329 	369 	390 	1134 	1224 	1384 	
8 	211 	255 	322 	348 	386 	1135 	1267 	1427 	
8 	212 	256 	323 	349 	387 	1136 	1268 	1428 	
8 	213 	257 	324 	350 	388 	1137 	1269 	1387 	
8 	214 	258 	325 	351 	389 	1138 	1270 	1388 	
8 	215 	259 	326 	352 	390 	1139 	1271 	1389 	
8 	216 	260 	327 	353 	391 	1140 	1272 	1390 	
8 	217 	261 	328 	354 	392 	1141 	1273 	1391 	
8 	218 	262 	329 	355 	393 	1142 	1274 	1392 	
8 	219 	263 	330 	356 	394 	1143 	1275 	1393 	
8 	220 	264 	331 	357 	395 	1144 	1276 	1394 	
8 	221 	265 	332 	358 	396 	1145 	1277 	1395 	
8 	222 	266 	333 	359 	397 	1146 	1278 	1396 	
8 	223 	267 	334 	360 	398 	1147 	1279 	1397 	
8 	224 	268 	335 	361 	399 	1148 	1280 	1398 	
8 	225 	269 	336 	362 	400 	1149 	1281 	1399 	
8 	226 	270 	295 	363 	401 	1150 	1282 	1400 	
8 	227 	271 	296 	364 	402 	1151 	1283 	1401 	
8 	228 	272 	297 	365 	403 	1152 	1284 	1402 	
8 	229 	273 	298 	366 	404 	1153 	1285 	1403 	
8 	230 	274 	299 	367 	405 	1154 	1286 	1404 	
8 	231 	275 	300 	368 	406 	1155 	1287 	1405 	
8 	232 	276 	301 	369 	407 	1156 	1288 	1406 	
8 	233 	277 	302 	370 	408 	1157 	1289 	1407 	
8 	234 	278 	303 	371 	409 	1158 	1290 	1408 	
8 	235 	279 	304 	372 	410 	1159 	1291 	1409 	
8 	236 	280 	305 	373 	411 	1160 	1292 	1410 	
8 	237 	281 	306 	374 	412 	1161 	1293 	1411 	
8 	238 	282 	307 	375 	413 	1162 	1294 	1412 	
8 	239 	283 	308 	376 	414 	1163 	1295 	1413 	
8 	240 	284 	309 	377 	415 	1164 	1296 	1414 	
8 	241 	285 	310 	378 	416 	1165 	1297 	1415 	
8 	242 	286 	311 	337 	417 	1166 	1298 	1416 	
8 	243 	287 	312 	338 	418 	1167 	1299 	1417 	
8 	244 	288 	313 	339 	419 	1168 	1300 	1418 	
8 	245 	289 	314 	340 	420 	1169 	1301 	1419 	
8 	246 	290 	315 	341 	379 	1170 	1302 	1420 	
8 	247 	291 	316 	342 	380 	1171 	1261 	1421 	
8 	248 	292 	317 	343 	381 	1172 	1262 	1422 	
8 	249 	293 	318 	344 	382 	1173 	1263 	1423 	
8 	250 	294 	319 	345 	383 	1174 	1264 	1424 	
8 	251 	253 	320 	346 	384 	1175 	1265 	1425 	
8 	252 	254 	321 	347 	385 	1176 	1266 	1426 	
8 	421 	463 	505 	547 	589 	1051 	1184 	1318 	
8 	422 	464 	506 	548 	590 	1052 	1185 	1319 	
8 	423 	465 	507 	549 	591 	1053 	1186 	1320 	
8 	424 	466 	508 	550 	592 	1054 	1187 	1321 	
8 	425 	467 	509 	551 	593 	1055 	1188 	1322 	
8 	426 	468 	510 	552 	594 	1056 	1189 	1323 	
8 	427 	469 	511 	553 	595 	1057 	1190 	1324 	
8 	428 	470 	512 	554 	596 	1058 	1191 	1325 	
8 	429 	471 	513 	555 	597 	1059 	1192 	1326 	
8 	430 	472 	514 	556 	598 	1060 	1193 	1327 	
8 	431 	473 	515 	557 	599 	1061 	1194 	1328 	
8 	432 	474 	516 	558 	600 	1062 	1195 	1329 	
8 	433 	475 	517 	559 	601 	1063 	1196 	1330 	
8 	434 	476 	518 	560 	602 	1064 	1197 	1331 	
8 	435 	477 	519 	561 	603 	1065 	1198 	1332 	
8 	436 	478 	520 	562 	604 	1066 	1199 	1333 	
8 	437 	479 	521 	563 	605 	1067 	1200 	1334 	
8 	438 	480 	522 	564 	606 	1068 	1201 	1335 	
8 	439 	481 	523 	565 	607 	1069 	1202 	1336 	
8 	440 	482 	524 	566 	608 	1070 	1203 	1337 	
8 	441 	483 	525 	567 	609 	1071 	1204 	1338 	
8 	442 	484 	526 	568 	610 	1072 	1205 	1339 	
8 	443 	485 	527 	569 	611 	1073 	1206 	1340 	
8 	444 	486 	528 	570 	612 	1074 	1207 	1341 	
8 	445 	487 	529 	571 	613 	1075 	1208 	1342 	
8 	446 	488 	530 	572 	614 	1076 	1209 	1343 	
8 	447 	489 	531 	573 	615 	1077 	1210 	1344 	
8 	448 	490 	532 	574 	616 	1078 	1211 	1303 	
8 	449 	491 	533 	575 	617 	1079 	1212 	1304 	
8 	450 	492 	534 	576 	618 	1080 	1213 	1305 	
8 	451 	493 	535 	577 	619 	1081 	1214 	1306 	
8 	452 	494 	536 	578 	620 	1082 	1215 	1307 	
8 	453 	495 	537 	579 	621 	1083 	1216 	1308 	
8 	454 	496 	538 	580 	622 	1084 	1217 	1309 	
8 	455 	497 	539 	581 	623 	1085 	1218 	1310 	
8 	456 	498 	540 	582 	624 	1086 	1177 	1311 	
8 	457 	499 	541 	583 	625 	1087 	1178 	1312 	
8 	458 	500 	542 	584 	626 	1088 	1179 	1313 	
8 	459 	501 	543 	585 	627 	1089 	1180 	1314 	
8 	460 	502 	544 	586 	628 	1090 	1181 	1315 	
8 	461 	503 	545 	587 	629 	1091 	1182 	1316 	
8 	462 	504 	546 	588 	630 	1092 	1183 	1317 	
8 	421 	499 	540 	580 	601 	1093 	1226 	1360 	
8 	422 	500 	541 	581 	602 	1094 	1227 	1361 	
8 	423 	501 	542 	582 	603 	1095 	1228 	1362 	
8 	424 	502 	543 	583 	604 	1096 	1229 	1363 	
8 	425 	503 	544 	584 	605 	1097 	1230 	1364 	
8 	426 	504 	545 	585 	606 	1098 	1231 	1365 	
8 	427 	463 	546 	586 	607 	1099 	1232 	1366 	
8 	428 	464 	505 	587 	608 	1100 	1233 	1367 	
8 	429 	465 	506 	588 	609 	1101 	1234 	1368 	
8 	430 	466 	507 	547 	610 	1102 	1235 	1369 	
8 	431 	467 	508 	548 	611 	1103 	1236 	1370 	
8 	432 	468 	509 	549 	612 	1104 	1237 	1371 	
8 	433 	469 	510 	550 	613 	1105 	1238 	1372 	
8 	434 	470 	511 	551 	614 	1106 	1239 	1373 	
8 	435 	471 	512 	552 	615 	1107 	1240 	1374 	
8 	436 	472 	513 	553 	616 	1108 	1241 	1375 	
8 	437 	473 	514 	554 	617 	1109 	1242 	1376 	
8 	438 	474 	515 	555 	618 	1110 	1243 	1377 	
8 	439 	475 	516 	556 	619 	1111 	1244 	1378 	
8 	440 	476 	517 	557 	620 	1112 	1245 	1379 	
8 	441 	477 	518 	558 	621 	1113 	1246 	1380 	
8 	442 	478 	519 	559 	622 	1114 	1247 	1381 	
8 	443 	479 	520 	560 	623 	1115 	1248 	1382 	
8 	444 	480 	521 	561 	624 	1116 	1249 	1383 	
8 	445 	481 	522 	562 	625 	1117 	1250 	1384 	
8 	446 	482 	523 	563 	626 	1118 	1251 	1385 	
8 	447 	483 	524 	564 	627 	1119 	1252 	1386 	
8 	448 	484 	525 	565 	628 	1120 	1253 	1345 	
8 	449 	485 	526 	566 	629 	1121 	1254 	1346 	
8 	450 	486 	527 	567 	630 	1122 	1255 	1347 	
8 	451 	487 	528 	568 	589 	1123 	1256 	1348 	
8 	452 	488 	529 	569 	590 	1124 	1257 	1349 	
8 	453 	489 	530 	570 	591 	1125 	1258 	1350 	
8 	454 	490 	531 	571 	592 	1126 	1259 	1351 	
8 	455 	491 	532 	572 	593 	1127 	1260 	1352 	
8 	456 	492 	533 	573 	594 	1128 	1219 	1353 	
8 	457 	493 	534 	574 	595 	1129 	1220 	1354 	
8 	458 	494 	535 	575 	596 	1130 	1221 	1355 	
8 	459 	495 	536 	576 	597 	1131 	1222 	1356 	
8 	460 	496 	537 	577 	598 	1132 	1223 	1357 	
8 	461 	497 	538 	578 	599 	1133 	1224 	1358 	
8 	462 	498 	539 	579 	600 	1134 	1225 	1359 	
8 	421 	465 	532 	558 	596 	1135 	1268 	1402 	
8 	422 	466 	533 	559 	597 	1136 	1269 	1403 	
8 	423 	467 	534 	560 	598 	1137 	1270 	1404 	
8 	424 	468 	535 	561 	599 	1138 	1271 	1405 	
8 	425 	469 	536 	562 	600 	1139 	1272 	1406 	
8 	426 	470 	537 	563 	601 	1140 	1273 	1407 	
8 	427 	471 	538 	564 	602 	1141 	1274 	1408 	
8 	428 	472 	539 	565 	603 	1142 	1275 	1409 	
8 	429 	473 	540 	566 	604 	1143 	1276 	1410 	
8 	430 	474 	541 	567 	605 	1144 	1277 	1411 	
8 	431 	475 	542 	568 	606 	1145 	1278 	1412 	
8 	432 	476 	543 	569 	607 	1146 	1279 	1413 	
8 	433 	477 	544 	570 	608 	1147 	1280 	1414 	
8 	434 	478 	545 	571 	609 	1148 	1281 	1415 	
8 	435 	479 	546 	572 	610 	1149 	1282 	1416 	
8 	436 	480 	505 	573 	611 	1150 	1283 	1417 	
8 	437 	481 	506 	574 	612 	1151 	1284 	1418 	
8 	438 	482 	507 	575 	613 	1152 	1285 	1419 	
8 	439 	483 	508 	576 	614 	1153 	1286 	1420 	
8 	440 	484 	509 	577 	615 	1154 	1287 	1421 	
8 	441 	485 	510 	578 	616 	1155 	1288 	1422 	
8 	442 	486 	511 	579 	617 	1156 	1289 	1423 	
8 	443 	487 	512 	580 	618 	1157 	1290 	1424 	
8 	444 	488 	513 	581 	619 	1158 	1291 	1425 	
8 	445 	489 	514 	582 	620 	1159 	1292 	1426 	
8 	446 	490 	515 	583 	621 	1160 	1293 	1427 	
8 	447 	491 	516 	584 	622 	1161 	1294 	1428 	
8 	448 	492 	517 	585 	623 	1162 	1295 	1387 	
8 	449 	493 	518 	586 	624 	1163 	1296 	1388 	
8 	450 	494 	519 	587 	625 	1164 	1297 	1389 	
8 	451 	495 	520 	588 	626 	1165 	1298 	1390 	
8 	452 	496 	521 	547 	627 	1166 	1299 	1391 	
8 	453 	497 	522 	548 	628 	1167 	1300 	1392 	
8 	454 	498 	523 	549 	629 	1168 	1301 	1393 	
8 	455 	499 	524 	550 	630 	1169 	1302 	1394 	
8 	456 	500 	525 	551 	589 	1170 	1261 	1395 	
8 	457 	501 	526 	552 	590 	1171 	1262 	1396 	
8 	458 	502 	527 	553 	591 	1172 	1263 	1397 	
8 	459 	503 	528 	554 	592 	1173 	1264 	1398 	
8 	460 	504 	529 	555 	593 	1174 	1265 	1399 	
8 	461 	463 	530 	556 	594 	1175 	1266 	1400 	
8 	462 	464 	531 	557 	595 	1176 	1267 	1401 	
8 	631 	673 	715 	757 	799 	1051 	1186 	1334 	
8 	632 	674 	716 	758 	800 	1052 	1187 	1335 	
8 	633 	675 	717 	759 	801 	1053 	1188 	1336 	
8 	634 	676 	718 	760 	802 	1054 	1189 	1337 	
8 	635 	677 	719 	761 	803 	1055 	1190 	1338 	
8 	636 	678 	720 	762 	804 	1056 	1191 	1339 	
8 	637 	679 	721 	763 	805 	1057 	1192 	1340 	
8 	638 	680 	722 	764 	806 	1058 	1193 	1341 	
8 	639 	681 	723 	765 	807 	1059 	1194 	1342 	
8 	640 	682 	724 	766 	808 	1060 	1195 	1343 	
8 	641 	683 	725 	767 	809 	1061 	1196 	1344 	
8 	642 	684 	726 	768 	810 	1062 	1197 	1303 	
8 	643 	685 	727 	769 	811 	1063 	1198 	1304 	
8 	644 	686 	728 	770 	812 	1064 	1199 	1305 	
8 	645 	687 	729 	771 	813 	1065 	1200 	1306 	
8 	646 	688 	730 	772 	814 	1066 	1201 	1307 	
8 	647 	689 	731 	773 	815 	1067 	1202 	1308 	
8 	648 	690 	732 	774 	816 	1068 	1203 	1309 	
8 	649 	691 	733 	775 	817 	1069 	1204 	1310 	
8 	650 	692 	734 	776 	818 	1070 	1205 	1311 	
8 	651 	693 	735 	777 	819 	1071 	1206 	1312 	
8 	652 	694 	736 	778 	820 	1072 	1207 	1313 	
8 	653 	695 	737 	779 	821 	1073 	1208 	1314 	
8 	654 	696 	738 	780 	822 	1074 	1209 	1315 	
8 	655 	697 	739 	781 	823 	1075 	1210 	1316 	
8 	656 	698 	740 	782 	824 	1076 	1211 	1317 	
8 	657 	699 	741 	783 	825 	1077 	1212 	1318 	
8 	658 	700 	742 	784 	826 	1078 	1213 	1319 	
8 	659 	701 	743 	785 	827 	1079 	1214 	1320 	
8 	660 	702 	744 	786 	828 	1080 	1215 	1321 	
8 	661 	703 	745 	787 	829 	1081 	1216 	1322 	
8 	662 	704 	746 	788 	830 	1082 	1217 	1323 	
8 	663 	705 	747 	789 	831 	1083 	1218 	1324 	
8 	664 	706 	748 	790 	832 	1084 	1177 	1325 	
8 	665 	707 	749 	791 	833 	1085 	1178 	1326 	
8 	666 	708 	750 	792 	834 	1086 	1179 	1327 	
8 	667 	709 	751 	793 	835 	1087 	1180 	1328 	
8 	668 	710 	752 	794 	836 	1088 	1181 	1329 	
8 	669 	711 	753 	795 	837 	1089 	1182 	1330 	
8 	670 	712 	754 	796 	838 	1090 	1183 	1331 	
8 	671 	713 	755 	797 	839 	1091 	1184 	1332 	
8 	672 	714 	756 	798 	840 	1092 	1185 	1333 	
8 	631 	709 	750 	790 	811 	1093 	1228 	1376 	
8 	632 	710 	751 	791 	812 	1094 	1229 	1377 	
8 	633 	711 	752 	792 	813 	1095 	1230 	1378 	
8 	634 	712 	753 	793 	814 	1096 	1231 	1379 	
8 	635 	713 	754 	794 	815 	1097 	1232 	1380 	
8 	636 	714 	755 	795 	816 	1098 	1233 	1381 	
8 	637 	673 	756 	796 	817 	1099 	1234 	1382 	
8 	638 	674 	715 	797 	818 	1100 	1235 	1383 	
8 	639 	675 	716 	798 	819 	1101 	1236 	1384 	
8 	640 	676 	717 	757 	820 	1102 	1237 	1385 	
8 	641 	677 	718 	758 	821 	1103 	1238 	1386 	
8 	642 	678 	719 	759 	822 	1104 	1239 	1345 	
8 	643 	679 	720 	760 	823 	1105 	1240 	1346 	
8 	644 	680 	721 	761 	824 	1106 	1241 	1347 	
8 	645 	681 	722 	762 	825 	1107 	1242 	1348 	
8 	646 	682 	723 	763 	826 	1108 	1243 	1349 	
8 	647 	683 	724 	764 	827 	1109 	1244 	1350 	
8 	648 	684 	725 	765 	828 	1110 	1245 	1351 	
8 	649 	685 	726 	766 	829 	1111 	1246 	1352 	
8 	650 	686 	727 	767 	830 	1112 	1247 	1353 	
8 	651 	687 	728 	768 	831 	1113 	1248 	1354 	
8 	652 	688 	729 	769 	832 	1114 	1249 	1355 	
8 	653 	689 	730 	770 	833 	1115 	1250 	1356 	
8 	654 	690 	731 	771 	834 	1116 	1251 	1357 	
8 	655 	691 	732 	772 	835 	1117 	1252 	1358 	
8 	656 	692 	733 	773 	836 	1118 	1253 	1359 	
8 	657 	693 	734 	774 	837 	1119 	1254 	1360 	
8 	658 	694 	735 	775 	838 	1120 	1255 	1361 	
8 	659 	695 	736 	776 	839 	1121 	1256 	1362 	
8 	660 	696 	737 	777 	840 	1122 	1257 	1363 	
8 	661 	697 	738 	778 	799 	1123 	1258 	1364 	
8 	662 	698 	739 	779 	800 	1124 	1259 	1365 	
8 	663 	699 	740 	780 	801 	1125 	1260 	1366 	
8 	664 	700 	741 	781 	802 	1126 	1219 	1367 	
8 	665 	701 	742 	782 	803 	1127 	1220 	1368 	
8 	666 	702 	743 	783 	804 	1128 	1221 	1369 	
8 	667 	703 	744 	784 	805 	1129 	1222 	1370 	
8 	668 	704 	745 	785 	806 	1130 	1223 	1371 	
8 	669 	705 	746 	786 	807 	1131 	1224 	1372 	
8 	670 	706 	747 	787 	808 	1132 	1225 	1373 	
8 	671 	707 	748 	788 	809 	1133 	1226 	1374 	
8 	672 	708 	749 	789 	810 	1134 	1227 	1375 	
8 	631 	675 	742 	768 	806 	1135 	1270 	1418 	
8 	632 	676 	743 	769 	807 	1136 	1271 	1419 	
8 	633 	677 	744 	770 	808 	1137 	1272 	1420 	
8 	634 	678 	745 	771 	809 	1138 	1273 	1421 	
8 	635 	679 	746 	772 	810 	1139 	1274 	1422 	
8 	636 	680 	747 	773 	811 	1140 	1275 	1423 	
8 	637 	681 	748 	774 	812 	1141 	1276 	1424 	
8 	638 	682 	749 	775 	813 	1142 	1277 	1425 	
8 	639 	683 	750 	776 	814 	1143 	1278 	1426 	
8 	640 	684 	751 	777 	815 	1144 	1279 	1427 	
8 	641 	685 	752 	778 	816 	1145 	1280 	1428 	
8 	642 	686 	753 	779 	817 	1146 	1281 	1387 	
8 	643 	687 	754 	780 	818 	1147 	1282 	1388 	
8 	644 	688 	755 	781 	819 	1148 	1283 	1389 	
8 	645 	689 	756 	782 	820 	1149 	1284 	1390 	
8 	646 	690 	715 	783 	821 	1150 	1285 	1391 	
8 	647 	691 	716 	784 	822 	1151 	1286 	1392 	
8 	648 	692 	717 	785 	823 	1152 	1287 	1393 	
8 	649 	693 	718 	786 	824 	1153 	1288 	1394 	
8 	650 	694 	719 	787 	825 	1154 	1289 	1395 	
8 	651 	695 	720 	788 	826 	1155 	1290 	1396 	
8 	652 	696 	721 	789 	827 	1156 	1291 	1397 	
8 	653 	697 	722 	790 	828 	1157 	1292 	1398 	
8 	654 	698 	723 	791 	829 	1158 	1293 	1399 	
8 	655 	699 	724 	792 	830 	1159 	1294 	1400 	
8 	656 	700 	725 	793 	831 	1160 	1295 	1401 	
8 	657 	701 	726 	794 	832 	1161 	1296 	1402 	
8 	658 	702 	727 	795 	833 	1162 	1297 	1403 	
8 	659 	703 	728 	796 	834 	1163 	1298 	1404 	
8 	660 	704 	729 	797 	835 	1164 	1299 	1405 	
8 	661 	705 	730 	798 	836 	1165 	1300 	1406 	
8 	662 	706 	731 	757 	837 	1166 	1301 	1407 	
8 	663 	707 	732 	758 	838 	1167 	1302 	1408 	
8 	664 	708 	733 	759 	839 	1168 	1261 	1409 	
8 	665 	709 	734 	760 	840 	1169 	1262 	1410 	
8 	666 	710 	735 	761 	799 	1170 	1263 	1411 	
8 	667 	711 	736 	762 	800 	1171 	1264 	1412 	
8 	668 	712 	737 	763 	801 	1172 	1265 	1413 	
8 	669 	713 	738 	764 	802 	1173 	1266 	1414 	
8 	670 	714 	739 	765 	803 	1174 	1267 	1415 	
8 	671 	673 	740 	766 	804 	1175 	1268 	1416 	
8 	672 	674 	741 	767 	805 	1176 	1269 	1417 	
8 	841 	883 	925 	967 	1009 	1051 	1207 	1338 	
8 	842 	884 	926 	968 	1010 	1052 	1208 	1339 	
8 	843 	885 	927 	969 	1011 	1053 	1209 	1340 	
8 	844 	886 	928 	970 	1012 	1054 	1210 	1341 	
8 	845 	887 	929 	971 	1013 	1055 	1211 	1342 	
8 	846 	888 	930 	972 	1014 	1056 	1212 	1343 	
8 	847 	889 	931 	973 	1015 	1057 	1213 	1344 	
8 	848 	890 	932 	974 	1016 	1058 	1214 	1303 	
8 	849 	891 	933 	975 	1017 	1059 	1215 	1304 	
8 	850 	892 	934 	976 	1018 	1060 	1216 	1305 	
8 	851 	893 	935 	977 	1019 	1061 	1217 	1306 	
8 	852 	894 	936 	978 	1020 	1062 	1218 	1307 	
8 	853 	895 	937 	979 	1021 	1063 	1177 	1308 	
8 	854 	896 	938 	980 	1022 	1064 	1178 	1309 	
8 	855 	897 	939 	981 	1023 	1065 	1179 	1310 	
8 	856 	898 	940 	982 	1024 	1066 	1180 	1311 	
8 	857 	899 	941 	983 	1025 	1067 	1181 	1312 	
8 	858 	900 	942 	984 	1026 	1068 	1182 	1313 	
8 	859 	901 	943 	985 	1027 	1069 	1183 	1314 	
8 	860 	902 	944 	986 	1028 	1070 	1184 	1315 	
8 	861 	903 	945 	987 	1029 	1071 	1185 	1316 	
8 	862 	904 	946 	988 	1030 	1072 	1186 	1317 	
8 	863 	905 	947 	989 	1031 	1073 	1187 	1318 	
8 	864 	906 	948 	990 	1032 	1074 	1188 	1319 	
8 	865 	907 	949 	991 	1033 	1075 	1189 	1320 	
8 	866 	908 	950 	992 	1034 	1076 	1190 	1321 	
8 	867 	909 	951 	993 	1035 	1077 	1191 	1322 	
8 	868 	910 	952 	994 	1036 	1078 	1192 	1323 	
8 	869 	911 	953 	995 	1037 	1079 	1193 	1324 	
8 	870 	912 	954 	996 	1038 	1080 	1194 	1325 	
8 	871 	913 	955 	997 	1039 	1081 	1195 	1326 	
8 	872 	914 	956 	998 	1040 	1082 	1196 	1327 	
8 	873 	915 	957 	999 	1041 	1083 	1197 	1328 	
8 	874 	916 	958 	1000 	1042 	1084 	1198 	1329 	
8 	875 	917 	959 	1001 	1043 	1085 	1199 	1330 	
8 	876 	918 	960 	1002 	1044 	1086 	1200 	1331 	
8 	877 	919 	961 	1003 	1045 	1087 	1201 	1332 	
8 	878 	920 	962 	1004 	1046 	1088 	1202 	1333 	
8 	879 	921 	963 	1005 	1047 	1089 	1203 	1334 	
8 	880 	922 	964 	1006 	1048 	1090 	1204 	1335 	
8 	881 	923 	965 	1007 	1049 	1091 	1205 	1336 	
8 	882 	924 	966 	1008 	1050 	1092 	1206 	1337 	
8 	841 	919 	960 	1000 	1021 	1093 	1249 	1380 	
8 	842 	920 	961 	1001 	1022 	1094 	1250 	1381 	
8 	843 	921 	962 	1002 	1023 	1095 	1251 	1382 	
8 	844 	922 	963 	1003 	1024 	1096 	1252 	1383 	
8 	845 	923 	964 	1004 	1025 	1097 	1253 	1384 	
8 	846 	924 	965 	1005 	1026 	1098 	1254 	1385 	
8 	847 	883 	966 	1006 	1027 	1099 	1255 	1386 	
8 	848 	884 	925 	1007 	1028 	1100 	1256 	1345 	
8 	849 	885 	926 	1008 	1029 	1101 	1257 	1346 	
8 	850 	886 	927 	967 	1030 	1102 	1258 	1347 	
8 	851 	887 	928 	968 	1031 	1103 	1259 	1348 	
8 	852 	888 	929 	969 	1032 	1104 	1260 	1349 	
8 	853 	889 	930 	970 	1033 	1105 	1219 	1350 	
8 	854 	890 	931 	971 	1034 	1106 	1220 	1351 	
8 	855 	891 	932 	972 	1035 	1107 	1221 	1352 	
8 	856 	892 	933 	973 	1036 	1108 	1222 	1353 	
8 	857 	893 	934 	974 	1037 	1109 	1223 	1354 	
8 	858 	894 	935 	975 	1038 	1110 	1224 	1355 	
8 	859 	895 	936 	976 	1039 	1111 	1225 	1356 	
8 	860 	896 	937 	977 	1040 	1112 	1226 	1357 	
8 	861 	897 	938 	978 	1041 	1113 	1227 	1358 	
8 	862 	898 	939 	979 	1042 	1114 	1228 	1359 	
8 	863 	899 	940 	980 	1043 	1115 	1229 	1360 	
8 	864 	900 	941 	981 	1044 	1116 	1230 	1361 	
8 	865 	901 	942 	982 	1045 	1117 	1231 	1362 	
8 	866 	902 	943 	983 	1046 	1118 	1232 	1363 	
8 	867 	903 	944 	984 	1047 	1119 	1233 	1364 	
8 	868 	904 	945 	985 	1048 	1120 	1234 	1365 	
8 	869 	905 	946 	986 	1049 	1121 	1235 	1366 	
8 	870 	906 	947 	987 	1050 	1122 	1236 	1367 	
8 	871 	907 	948 	988 	1009 	1123 	1237 	1368 	
8 	872 	908 	949 	989 	1010 	1124 	1238 	1369 	
8 	873 	909 	950 	990 	1011 	1125 	1239 	1370 	
8 	874 	910 	951 	991 	1012 	1126 	1240 	1371 	
8 	875 	911 	952 	992 	1013 	1127 	1241 	1372 	
8 	876 	912 	953 	993 	1014 	1128 	1242 	1373 	
8 	877 	913 	954 	994 	1015 	1129 	1243 	1374 	
8 	878 	914 	955 	995 	1016 	1130 	1244 	1375 	
8 	879 	915 	956 	996 	1017 	1131 	1245 	1376 	
8 	880 	916 	957 	997 	1018 	1132 	1246 	1377 	
8 	881 	917 	958 	998 	1019 	1133 	1247 	1378 	
8 	882 	918 	959 	999 	1020 	1134 	1248 	1379 	
8 	841 	885 	952 	978 	1016 	1135 	1291 	1422 	
8 	842 	886 	953 	979 	1017 	1136 	1292 	1423 	
8 	843 	887 	954 	980 	1018 	1137 	1293 	1424 	
8 	844 	888 	955 	981 	1019 	1138 	1294 	1425 	
8 	845 	889 	956 	982 	1020 	1139 	1295 	1426 	
8 	846 	890 	957 	983 	1021 	1140 	1296 	1427 	
8 	847 	891 	958 	984 	1022 	1141 	1297 	1428 	
8 	848 	892 	959 	985 	1023 	1142 	1298 	1387 	
8 	849 	893 	960 	986 	1024 	1143 	1299 	1388 	
8 	850 	894 	961 	987 	1025 	1144 	1300 	1389 	
8 	851 	895 	962 	988 	1026 	1145 	1301 	1390 	
8 	852 	896 	963 	989 	1027 	1146 	1302 	1391 	
8 	853 	897 	964 	990 	1028 	1147 	1261 	1392 	
8 	854 	898 	965 	991 	1029 	1148 	1262 	1393 	
8 	855 	899 	966 	992 	1030 	1149 	1263 	1394 	
8 	856 	900 	925 	993 	1031 	1150 	1264 	1395 	
8 	857 	901 	926 	994 	1032 	1151 	1265 	1396 	
8 	858 	902 	927 	995 	1033 	1152 	1266 	1397 	
8 	859 	903 	928 	996 	1034 	1153 	1267 	1398 	
8 	860 	904 	929 	997 	1035 	1154 	1268 	1399 	
8 	861 	905 	930 	998 	1036 	1155 	1269 	1400 	
8 	862 	906 	931 	999 	1037 	1156 	1270 	1401 	
8 	863 	907 	932 	1000 	1038 	1157 	1271 	1402 	
8 	864 	908 	933 	1001 	1039 	1158 	1272 	1403 	
8 	865 	909 	934 	1002 	1040 	1159 	1273 	1404 	
8 	866 	910 	935 	1003 	1041 	1160 	1274 	1405 	
8 	867 	911 	936 	1004 	1042 	1161 	1275 	1406 	
8 	868 	912 	937 	1005 	1043 	1162 	1276 	1407 	
8 	869 	913 	938 	1006 	1044 	1163 	1277 	1408 	
8 	870 	914 	939 	1007 	1045 	1164 	1278 	1409 	
8 	871 	915 	940 	1008 	1046 	1165 	1279 	1410 	
8 	872 	916 	941 	967 	1047 	1166 	1280 	1411 	
8 	873 	917 	942 	968 	1048 	1167 	1281 	1412 	
8 	874 	918 	943 	969 	1049 	1168 	1282 	1413 	
8 	875 	919 	944 	970 	1050 	1169 	1283 	1414 	
8 	876 	920 	945 	971 	1009 	1170 	1284 	1415 	
8 	877 	921 	946 	972 	1010 	1171 	1285 	1416 	
8 	878 	922 	947 	973 	1011 	1172 	1286 	1417 	
8 	879 	923 	948 	974 	1012 	1173 	1287 	1418 	
8 	880 	924 	949 	975 	1013 	1174 	1288 	1419 	
8 	881 	883 	950 	976 	1014 	1175 	1289 	1420 	
8 	882 	884 	951 	977 	1015 	1176 	1290 	1421 	
