1020 	 450 
3 	1 	151 	301 	
3 	2 	152 	302 	
3 	3 	153 	303 	
3 	4 	154 	304 	
3 	5 	155 	305 	
3 	6 	156 	306 	
3 	7 	157 	307 	
3 	8 	158 	308 	
3 	9 	159 	309 	
3 	10 	160 	310 	
3 	11 	161 	311 	
3 	12 	162 	312 	
3 	13 	163 	313 	
3 	14 	164 	314 	
3 	15 	165 	315 	
3 	16 	166 	316 	
3 	17 	167 	317 	
3 	18 	168 	318 	
3 	19 	169 	319 	
3 	20 	170 	320 	
3 	21 	171 	321 	
3 	22 	172 	322 	
3 	23 	173 	323 	
3 	24 	174 	324 	
3 	25 	175 	325 	
3 	26 	176 	326 	
3 	27 	177 	327 	
3 	28 	178 	328 	
3 	29 	179 	329 	
3 	30 	180 	330 	
3 	31 	181 	331 	
3 	32 	182 	332 	
3 	33 	183 	333 	
3 	34 	184 	334 	
3 	35 	185 	335 	
3 	36 	186 	336 	
3 	37 	187 	337 	
3 	38 	188 	338 	
3 	39 	189 	339 	
3 	40 	190 	340 	
3 	41 	191 	341 	
3 	42 	192 	342 	
3 	43 	193 	343 	
3 	44 	194 	344 	
3 	45 	195 	345 	
3 	46 	196 	346 	
3 	47 	197 	347 	
3 	48 	198 	348 	
3 	49 	199 	349 	
3 	50 	200 	350 	
3 	51 	201 	351 	
3 	52 	202 	352 	
3 	53 	203 	353 	
3 	54 	204 	354 	
3 	55 	205 	355 	
3 	56 	206 	356 	
3 	57 	207 	357 	
3 	58 	208 	358 	
3 	59 	209 	359 	
3 	60 	210 	360 	
3 	61 	211 	361 	
3 	62 	212 	362 	
3 	63 	213 	363 	
3 	64 	214 	364 	
3 	65 	215 	365 	
3 	66 	216 	366 	
3 	67 	217 	367 	
3 	68 	218 	368 	
3 	69 	219 	369 	
3 	70 	220 	370 	
3 	71 	221 	371 	
3 	72 	222 	372 	
3 	73 	223 	373 	
3 	74 	224 	374 	
3 	75 	225 	375 	
3 	76 	226 	376 	
3 	77 	227 	377 	
3 	78 	228 	378 	
3 	79 	229 	379 	
3 	80 	230 	380 	
3 	81 	231 	381 	
3 	82 	232 	382 	
3 	83 	233 	383 	
3 	84 	234 	384 	
3 	85 	235 	385 	
3 	86 	236 	386 	
3 	87 	237 	387 	
3 	88 	238 	388 	
3 	89 	239 	389 	
3 	90 	240 	390 	
3 	91 	241 	391 	
3 	92 	242 	392 	
3 	93 	243 	393 	
3 	94 	244 	394 	
3 	95 	245 	395 	
3 	96 	246 	396 	
3 	97 	247 	397 	
3 	98 	248 	398 	
3 	99 	249 	399 	
3 	100 	250 	400 	
3 	101 	251 	401 	
3 	102 	252 	402 	
3 	103 	253 	403 	
3 	104 	254 	404 	
3 	105 	255 	405 	
3 	106 	256 	406 	
3 	107 	257 	407 	
3 	108 	258 	408 	
3 	109 	259 	409 	
3 	110 	260 	410 	
3 	111 	261 	411 	
3 	112 	262 	412 	
3 	113 	263 	413 	
3 	114 	264 	414 	
3 	115 	265 	415 	
3 	116 	266 	416 	
3 	117 	267 	417 	
3 	118 	268 	418 	
3 	119 	269 	419 	
3 	120 	270 	420 	
3 	121 	271 	421 	
3 	122 	272 	422 	
3 	123 	273 	423 	
3 	124 	274 	424 	
3 	125 	275 	425 	
3 	126 	276 	426 	
3 	127 	277 	427 	
3 	128 	278 	428 	
3 	129 	279 	429 	
3 	130 	280 	430 	
3 	131 	281 	431 	
3 	132 	282 	432 	
3 	133 	283 	433 	
3 	134 	284 	434 	
3 	135 	285 	435 	
3 	136 	286 	436 	
3 	137 	287 	437 	
3 	138 	288 	438 	
3 	139 	289 	439 	
3 	140 	290 	440 	
3 	141 	291 	441 	
3 	142 	292 	442 	
3 	143 	293 	443 	
3 	144 	294 	444 	
3 	145 	295 	445 	
3 	146 	296 	446 	
3 	147 	297 	447 	
3 	148 	298 	448 	
3 	149 	299 	449 	
3 	150 	300 	450 	
3 	1 	153 	317 	
3 	2 	154 	318 	
3 	3 	155 	319 	
3 	4 	156 	320 	
3 	5 	157 	321 	
3 	6 	158 	322 	
3 	7 	159 	323 	
3 	8 	160 	324 	
3 	9 	161 	325 	
3 	10 	162 	326 	
3 	11 	163 	327 	
3 	12 	164 	328 	
3 	13 	165 	329 	
3 	14 	166 	330 	
3 	15 	167 	301 	
3 	16 	168 	302 	
3 	17 	169 	303 	
3 	18 	170 	304 	
3 	19 	171 	305 	
3 	20 	172 	306 	
3 	21 	173 	307 	
3 	22 	174 	308 	
3 	23 	175 	309 	
3 	24 	176 	310 	
3 	25 	177 	311 	
3 	26 	178 	312 	
3 	27 	179 	313 	
3 	28 	180 	314 	
3 	29 	151 	315 	
3 	30 	152 	316 	
3 	31 	183 	347 	
3 	32 	184 	348 	
3 	33 	185 	349 	
3 	34 	186 	350 	
3 	35 	187 	351 	
3 	36 	188 	352 	
3 	37 	189 	353 	
3 	38 	190 	354 	
3 	39 	191 	355 	
3 	40 	192 	356 	
3 	41 	193 	357 	
3 	42 	194 	358 	
3 	43 	195 	359 	
3 	44 	196 	360 	
3 	45 	197 	331 	
3 	46 	198 	332 	
3 	47 	199 	333 	
3 	48 	200 	334 	
3 	49 	201 	335 	
3 	50 	202 	336 	
3 	51 	203 	337 	
3 	52 	204 	338 	
3 	53 	205 	339 	
3 	54 	206 	340 	
3 	55 	207 	341 	
3 	56 	208 	342 	
3 	57 	209 	343 	
3 	58 	210 	344 	
3 	59 	181 	345 	
3 	60 	182 	346 	
3 	61 	213 	377 	
3 	62 	214 	378 	
3 	63 	215 	379 	
3 	64 	216 	380 	
3 	65 	217 	381 	
3 	66 	218 	382 	
3 	67 	219 	383 	
3 	68 	220 	384 	
3 	69 	221 	385 	
3 	70 	222 	386 	
3 	71 	223 	387 	
3 	72 	224 	388 	
3 	73 	225 	389 	
3 	74 	226 	390 	
3 	75 	227 	361 	
3 	76 	228 	362 	
3 	77 	229 	363 	
3 	78 	230 	364 	
3 	79 	231 	365 	
3 	80 	232 	366 	
3 	81 	233 	367 	
3 	82 	234 	368 	
3 	83 	235 	369 	
3 	84 	236 	370 	
3 	85 	237 	371 	
3 	86 	238 	372 	
3 	87 	239 	373 	
3 	88 	240 	374 	
3 	89 	211 	375 	
3 	90 	212 	376 	
3 	91 	243 	407 	
3 	92 	244 	408 	
3 	93 	245 	409 	
3 	94 	246 	410 	
3 	95 	247 	411 	
3 	96 	248 	412 	
3 	97 	249 	413 	
3 	98 	250 	414 	
3 	99 	251 	415 	
3 	100 	252 	416 	
3 	101 	253 	417 	
3 	102 	254 	418 	
3 	103 	255 	419 	
3 	104 	256 	420 	
3 	105 	257 	391 	
3 	106 	258 	392 	
3 	107 	259 	393 	
3 	108 	260 	394 	
3 	109 	261 	395 	
3 	110 	262 	396 	
3 	111 	263 	397 	
3 	112 	264 	398 	
3 	113 	265 	399 	
3 	114 	266 	400 	
3 	115 	267 	401 	
3 	116 	268 	402 	
3 	117 	269 	403 	
3 	118 	270 	404 	
3 	119 	241 	405 	
3 	120 	242 	406 	
3 	121 	273 	437 	
3 	122 	274 	438 	
3 	123 	275 	439 	
3 	124 	276 	440 	
3 	125 	277 	441 	
3 	126 	278 	442 	
3 	127 	279 	443 	
3 	128 	280 	444 	
3 	129 	281 	445 	
3 	130 	282 	446 	
3 	131 	283 	447 	
3 	132 	284 	448 	
3 	133 	285 	449 	
3 	134 	286 	450 	
3 	135 	287 	421 	
3 	136 	288 	422 	
3 	137 	289 	423 	
3 	138 	290 	424 	
3 	139 	291 	425 	
3 	140 	292 	426 	
3 	141 	293 	427 	
3 	142 	294 	428 	
3 	143 	295 	429 	
3 	144 	296 	430 	
3 	145 	297 	431 	
3 	146 	298 	432 	
3 	147 	299 	433 	
3 	148 	300 	434 	
3 	149 	271 	435 	
3 	150 	272 	436 	
3 	1 	165 	312 	
3 	2 	166 	313 	
3 	3 	167 	314 	
3 	4 	168 	315 	
3 	5 	169 	316 	
3 	6 	170 	317 	
3 	7 	171 	318 	
3 	8 	172 	319 	
3 	9 	173 	320 	
3 	10 	174 	321 	
3 	11 	175 	322 	
3 	12 	176 	323 	
3 	13 	177 	324 	
3 	14 	178 	325 	
3 	15 	179 	326 	
3 	16 	180 	327 	
3 	17 	151 	328 	
3 	18 	152 	329 	
3 	19 	153 	330 	
3 	20 	154 	301 	
3 	21 	155 	302 	
3 	22 	156 	303 	
3 	23 	157 	304 	
3 	24 	158 	305 	
3 	25 	159 	306 	
3 	26 	160 	307 	
3 	27 	161 	308 	
3 	28 	162 	309 	
3 	29 	163 	310 	
3 	30 	164 	311 	
3 	31 	195 	342 	
3 	32 	196 	343 	
3 	33 	197 	344 	
3 	34 	198 	345 	
3 	35 	199 	346 	
3 	36 	200 	347 	
3 	37 	201 	348 	
3 	38 	202 	349 	
3 	39 	203 	350 	
3 	40 	204 	351 	
3 	41 	205 	352 	
3 	42 	206 	353 	
3 	43 	207 	354 	
3 	44 	208 	355 	
3 	45 	209 	356 	
3 	46 	210 	357 	
3 	47 	181 	358 	
3 	48 	182 	359 	
3 	49 	183 	360 	
3 	50 	184 	331 	
3 	51 	185 	332 	
3 	52 	186 	333 	
3 	53 	187 	334 	
3 	54 	188 	335 	
3 	55 	189 	336 	
3 	56 	190 	337 	
3 	57 	191 	338 	
3 	58 	192 	339 	
3 	59 	193 	340 	
3 	60 	194 	341 	
3 	61 	225 	372 	
3 	62 	226 	373 	
3 	63 	227 	374 	
3 	64 	228 	375 	
3 	65 	229 	376 	
3 	66 	230 	377 	
3 	67 	231 	378 	
3 	68 	232 	379 	
3 	69 	233 	380 	
3 	70 	234 	381 	
3 	71 	235 	382 	
3 	72 	236 	383 	
3 	73 	237 	384 	
3 	74 	238 	385 	
3 	75 	239 	386 	
3 	76 	240 	387 	
3 	77 	211 	388 	
3 	78 	212 	389 	
3 	79 	213 	390 	
3 	80 	214 	361 	
3 	81 	215 	362 	
3 	82 	216 	363 	
3 	83 	217 	364 	
3 	84 	218 	365 	
3 	85 	219 	366 	
3 	86 	220 	367 	
3 	87 	221 	368 	
3 	88 	222 	369 	
3 	89 	223 	370 	
3 	90 	224 	371 	
3 	91 	255 	402 	
3 	92 	256 	403 	
3 	93 	257 	404 	
3 	94 	258 	405 	
3 	95 	259 	406 	
3 	96 	260 	407 	
3 	97 	261 	408 	
3 	98 	262 	409 	
3 	99 	263 	410 	
3 	100 	264 	411 	
3 	101 	265 	412 	
3 	102 	266 	413 	
3 	103 	267 	414 	
3 	104 	268 	415 	
3 	105 	269 	416 	
3 	106 	270 	417 	
3 	107 	241 	418 	
3 	108 	242 	419 	
3 	109 	243 	420 	
3 	110 	244 	391 	
3 	111 	245 	392 	
3 	112 	246 	393 	
3 	113 	247 	394 	
3 	114 	248 	395 	
3 	115 	249 	396 	
3 	116 	250 	397 	
3 	117 	251 	398 	
3 	118 	252 	399 	
3 	119 	253 	400 	
3 	120 	254 	401 	
3 	121 	285 	432 	
3 	122 	286 	433 	
3 	123 	287 	434 	
3 	124 	288 	435 	
3 	125 	289 	436 	
3 	126 	290 	437 	
3 	127 	291 	438 	
3 	128 	292 	439 	
3 	129 	293 	440 	
3 	130 	294 	441 	
3 	131 	295 	442 	
3 	132 	296 	443 	
3 	133 	297 	444 	
3 	134 	298 	445 	
3 	135 	299 	446 	
3 	136 	300 	447 	
3 	137 	271 	448 	
3 	138 	272 	449 	
3 	139 	273 	450 	
3 	140 	274 	421 	
3 	141 	275 	422 	
3 	142 	276 	423 	
3 	143 	277 	424 	
3 	144 	278 	425 	
3 	145 	279 	426 	
3 	146 	280 	427 	
3 	147 	281 	428 	
3 	148 	282 	429 	
3 	149 	283 	430 	
3 	150 	284 	431 	
3 	1 	175 	305 	
3 	2 	176 	306 	
3 	3 	177 	307 	
3 	4 	178 	308 	
3 	5 	179 	309 	
3 	6 	180 	310 	
3 	7 	151 	311 	
3 	8 	152 	312 	
3 	9 	153 	313 	
3 	10 	154 	314 	
3 	11 	155 	315 	
3 	12 	156 	316 	
3 	13 	157 	317 	
3 	14 	158 	318 	
3 	15 	159 	319 	
3 	16 	160 	320 	
3 	17 	161 	321 	
3 	18 	162 	322 	
3 	19 	163 	323 	
3 	20 	164 	324 	
3 	21 	165 	325 	
3 	22 	166 	326 	
3 	23 	167 	327 	
3 	24 	168 	328 	
3 	25 	169 	329 	
3 	26 	170 	330 	
3 	27 	171 	301 	
3 	28 	172 	302 	
3 	29 	173 	303 	
3 	30 	174 	304 	
3 	31 	205 	335 	
3 	32 	206 	336 	
3 	33 	207 	337 	
3 	34 	208 	338 	
3 	35 	209 	339 	
3 	36 	210 	340 	
3 	37 	181 	341 	
3 	38 	182 	342 	
3 	39 	183 	343 	
3 	40 	184 	344 	
3 	41 	185 	345 	
3 	42 	186 	346 	
3 	43 	187 	347 	
3 	44 	188 	348 	
3 	45 	189 	349 	
3 	46 	190 	350 	
3 	47 	191 	351 	
3 	48 	192 	352 	
3 	49 	193 	353 	
3 	50 	194 	354 	
3 	51 	195 	355 	
3 	52 	196 	356 	
3 	53 	197 	357 	
3 	54 	198 	358 	
3 	55 	199 	359 	
3 	56 	200 	360 	
3 	57 	201 	331 	
3 	58 	202 	332 	
3 	59 	203 	333 	
3 	60 	204 	334 	
3 	61 	235 	365 	
3 	62 	236 	366 	
3 	63 	237 	367 	
3 	64 	238 	368 	
3 	65 	239 	369 	
3 	66 	240 	370 	
3 	67 	211 	371 	
3 	68 	212 	372 	
3 	69 	213 	373 	
3 	70 	214 	374 	
3 	71 	215 	375 	
3 	72 	216 	376 	
3 	73 	217 	377 	
3 	74 	218 	378 	
3 	75 	219 	379 	
3 	76 	220 	380 	
3 	77 	221 	381 	
3 	78 	222 	382 	
3 	79 	223 	383 	
3 	80 	224 	384 	
3 	81 	225 	385 	
3 	82 	226 	386 	
3 	83 	227 	387 	
3 	84 	228 	388 	
3 	85 	229 	389 	
3 	86 	230 	390 	
3 	87 	231 	361 	
3 	88 	232 	362 	
3 	89 	233 	363 	
3 	90 	234 	364 	
3 	91 	265 	395 	
3 	92 	266 	396 	
3 	93 	267 	397 	
3 	94 	268 	398 	
3 	95 	269 	399 	
3 	96 	270 	400 	
3 	97 	241 	401 	
3 	98 	242 	402 	
3 	99 	243 	403 	
3 	100 	244 	404 	
3 	101 	245 	405 	
3 	102 	246 	406 	
3 	103 	247 	407 	
3 	104 	248 	408 	
3 	105 	249 	409 	
3 	106 	250 	410 	
3 	107 	251 	411 	
3 	108 	252 	412 	
3 	109 	253 	413 	
3 	110 	254 	414 	
3 	111 	255 	415 	
3 	112 	256 	416 	
3 	113 	257 	417 	
3 	114 	258 	418 	
3 	115 	259 	419 	
3 	116 	260 	420 	
3 	117 	261 	391 	
3 	118 	262 	392 	
3 	119 	263 	393 	
3 	120 	264 	394 	
3 	121 	295 	425 	
3 	122 	296 	426 	
3 	123 	297 	427 	
3 	124 	298 	428 	
3 	125 	299 	429 	
3 	126 	300 	430 	
3 	127 	271 	431 	
3 	128 	272 	432 	
3 	129 	273 	433 	
3 	130 	274 	434 	
3 	131 	275 	435 	
3 	132 	276 	436 	
3 	133 	277 	437 	
3 	134 	278 	438 	
3 	135 	279 	439 	
3 	136 	280 	440 	
3 	137 	281 	441 	
3 	138 	282 	442 	
3 	139 	283 	443 	
3 	140 	284 	444 	
3 	141 	285 	445 	
3 	142 	286 	446 	
3 	143 	287 	447 	
3 	144 	288 	448 	
3 	145 	289 	449 	
3 	146 	290 	450 	
3 	147 	291 	421 	
3 	148 	292 	422 	
3 	149 	293 	423 	
3 	150 	294 	424 	
3 	1 	176 	314 	
3 	2 	177 	315 	
3 	3 	178 	316 	
3 	4 	179 	317 	
3 	5 	180 	318 	
3 	6 	151 	319 	
3 	7 	152 	320 	
3 	8 	153 	321 	
3 	9 	154 	322 	
3 	10 	155 	323 	
3 	11 	156 	324 	
3 	12 	157 	325 	
3 	13 	158 	326 	
3 	14 	159 	327 	
3 	15 	160 	328 	
3 	16 	161 	329 	
3 	17 	162 	330 	
3 	18 	163 	301 	
3 	19 	164 	302 	
3 	20 	165 	303 	
3 	21 	166 	304 	
3 	22 	167 	305 	
3 	23 	168 	306 	
3 	24 	169 	307 	
3 	25 	170 	308 	
3 	26 	171 	309 	
3 	27 	172 	310 	
3 	28 	173 	311 	
3 	29 	174 	312 	
3 	30 	175 	313 	
3 	31 	206 	344 	
3 	32 	207 	345 	
3 	33 	208 	346 	
3 	34 	209 	347 	
3 	35 	210 	348 	
3 	36 	181 	349 	
3 	37 	182 	350 	
3 	38 	183 	351 	
3 	39 	184 	352 	
3 	40 	185 	353 	
3 	41 	186 	354 	
3 	42 	187 	355 	
3 	43 	188 	356 	
3 	44 	189 	357 	
3 	45 	190 	358 	
3 	46 	191 	359 	
3 	47 	192 	360 	
3 	48 	193 	331 	
3 	49 	194 	332 	
3 	50 	195 	333 	
3 	51 	196 	334 	
3 	52 	197 	335 	
3 	53 	198 	336 	
3 	54 	199 	337 	
3 	55 	200 	338 	
3 	56 	201 	339 	
3 	57 	202 	340 	
3 	58 	203 	341 	
3 	59 	204 	342 	
3 	60 	205 	343 	
3 	61 	236 	374 	
3 	62 	237 	375 	
3 	63 	238 	376 	
3 	64 	239 	377 	
3 	65 	240 	378 	
3 	66 	211 	379 	
3 	67 	212 	380 	
3 	68 	213 	381 	
3 	69 	214 	382 	
3 	70 	215 	383 	
3 	71 	216 	384 	
3 	72 	217 	385 	
3 	73 	218 	386 	
3 	74 	219 	387 	
3 	75 	220 	388 	
3 	76 	221 	389 	
3 	77 	222 	390 	
3 	78 	223 	361 	
3 	79 	224 	362 	
3 	80 	225 	363 	
3 	81 	226 	364 	
3 	82 	227 	365 	
3 	83 	228 	366 	
3 	84 	229 	367 	
3 	85 	230 	368 	
3 	86 	231 	369 	
3 	87 	232 	370 	
3 	88 	233 	371 	
3 	89 	234 	372 	
3 	90 	235 	373 	
3 	91 	266 	404 	
3 	92 	267 	405 	
3 	93 	268 	406 	
3 	94 	269 	407 	
3 	95 	270 	408 	
3 	96 	241 	409 	
3 	97 	242 	410 	
3 	98 	243 	411 	
3 	99 	244 	412 	
3 	100 	245 	413 	
3 	101 	246 	414 	
3 	102 	247 	415 	
3 	103 	248 	416 	
3 	104 	249 	417 	
3 	105 	250 	418 	
3 	106 	251 	419 	
3 	107 	252 	420 	
3 	108 	253 	391 	
3 	109 	254 	392 	
3 	110 	255 	393 	
3 	111 	256 	394 	
3 	112 	257 	395 	
3 	113 	258 	396 	
3 	114 	259 	397 	
3 	115 	260 	398 	
3 	116 	261 	399 	
3 	117 	262 	400 	
3 	118 	263 	401 	
3 	119 	264 	402 	
3 	120 	265 	403 	
3 	121 	296 	434 	
3 	122 	297 	435 	
3 	123 	298 	436 	
3 	124 	299 	437 	
3 	125 	300 	438 	
3 	126 	271 	439 	
3 	127 	272 	440 	
3 	128 	273 	441 	
3 	129 	274 	442 	
3 	130 	275 	443 	
3 	131 	276 	444 	
3 	132 	277 	445 	
3 	133 	278 	446 	
3 	134 	279 	447 	
3 	135 	280 	448 	
3 	136 	281 	449 	
3 	137 	282 	450 	
3 	138 	283 	421 	
3 	139 	284 	422 	
3 	140 	285 	423 	
3 	141 	286 	424 	
3 	142 	287 	425 	
3 	143 	288 	426 	
3 	144 	289 	427 	
3 	145 	290 	428 	
3 	146 	291 	429 	
3 	147 	292 	430 	
3 	148 	293 	431 	
3 	149 	294 	432 	
3 	150 	295 	433 	
5 	1 	31 	61 	91 	121 	
5 	2 	32 	62 	92 	122 	
5 	3 	33 	63 	93 	123 	
5 	4 	34 	64 	94 	124 	
5 	5 	35 	65 	95 	125 	
5 	6 	36 	66 	96 	126 	
5 	7 	37 	67 	97 	127 	
5 	8 	38 	68 	98 	128 	
5 	9 	39 	69 	99 	129 	
5 	10 	40 	70 	100 	130 	
5 	11 	41 	71 	101 	131 	
5 	12 	42 	72 	102 	132 	
5 	13 	43 	73 	103 	133 	
5 	14 	44 	74 	104 	134 	
5 	15 	45 	75 	105 	135 	
5 	16 	46 	76 	106 	136 	
5 	17 	47 	77 	107 	137 	
5 	18 	48 	78 	108 	138 	
5 	19 	49 	79 	109 	139 	
5 	20 	50 	80 	110 	140 	
5 	21 	51 	81 	111 	141 	
5 	22 	52 	82 	112 	142 	
5 	23 	53 	83 	113 	143 	
5 	24 	54 	84 	114 	144 	
5 	25 	55 	85 	115 	145 	
5 	26 	56 	86 	116 	146 	
5 	27 	57 	87 	117 	147 	
5 	28 	58 	88 	118 	148 	
5 	29 	59 	89 	119 	149 	
5 	30 	60 	90 	120 	150 	
5 	1 	59 	77 	97 	126 	
5 	2 	60 	78 	98 	127 	
5 	3 	31 	79 	99 	128 	
5 	4 	32 	80 	100 	129 	
5 	5 	33 	81 	101 	130 	
5 	6 	34 	82 	102 	131 	
5 	7 	35 	83 	103 	132 	
5 	8 	36 	84 	104 	133 	
5 	9 	37 	85 	105 	134 	
5 	10 	38 	86 	106 	135 	
5 	11 	39 	87 	107 	136 	
5 	12 	40 	88 	108 	137 	
5 	13 	41 	89 	109 	138 	
5 	14 	42 	90 	110 	139 	
5 	15 	43 	61 	111 	140 	
5 	16 	44 	62 	112 	141 	
5 	17 	45 	63 	113 	142 	
5 	18 	46 	64 	114 	143 	
5 	19 	47 	65 	115 	144 	
5 	20 	48 	66 	116 	145 	
5 	21 	49 	67 	117 	146 	
5 	22 	50 	68 	118 	147 	
5 	23 	51 	69 	119 	148 	
5 	24 	52 	70 	120 	149 	
5 	25 	53 	71 	91 	150 	
5 	26 	54 	72 	92 	121 	
5 	27 	55 	73 	93 	122 	
5 	28 	56 	74 	94 	123 	
5 	29 	57 	75 	95 	124 	
5 	30 	58 	76 	96 	125 	
5 	1 	45 	80 	117 	138 	
5 	2 	46 	81 	118 	139 	
5 	3 	47 	82 	119 	140 	
5 	4 	48 	83 	120 	141 	
5 	5 	49 	84 	91 	142 	
5 	6 	50 	85 	92 	143 	
5 	7 	51 	86 	93 	144 	
5 	8 	52 	87 	94 	145 	
5 	9 	53 	88 	95 	146 	
5 	10 	54 	89 	96 	147 	
5 	11 	55 	90 	97 	148 	
5 	12 	56 	61 	98 	149 	
5 	13 	57 	62 	99 	150 	
5 	14 	58 	63 	100 	121 	
5 	15 	59 	64 	101 	122 	
5 	16 	60 	65 	102 	123 	
5 	17 	31 	66 	103 	124 	
5 	18 	32 	67 	104 	125 	
5 	19 	33 	68 	105 	126 	
5 	20 	34 	69 	106 	127 	
5 	21 	35 	70 	107 	128 	
5 	22 	36 	71 	108 	129 	
5 	23 	37 	72 	109 	130 	
5 	24 	38 	73 	110 	131 	
5 	25 	39 	74 	111 	132 	
5 	26 	40 	75 	112 	133 	
5 	27 	41 	76 	113 	134 	
5 	28 	42 	77 	114 	135 	
5 	29 	43 	78 	115 	136 	
5 	30 	44 	79 	116 	137 	
5 	151 	181 	211 	241 	271 	
5 	152 	182 	212 	242 	272 	
5 	153 	183 	213 	243 	273 	
5 	154 	184 	214 	244 	274 	
5 	155 	185 	215 	245 	275 	
5 	156 	186 	216 	246 	276 	
5 	157 	187 	217 	247 	277 	
5 	158 	188 	218 	248 	278 	
5 	159 	189 	219 	249 	279 	
5 	160 	190 	220 	250 	280 	
5 	161 	191 	221 	251 	281 	
5 	162 	192 	222 	252 	282 	
5 	163 	193 	223 	253 	283 	
5 	164 	194 	224 	254 	284 	
5 	165 	195 	225 	255 	285 	
5 	166 	196 	226 	256 	286 	
5 	167 	197 	227 	257 	287 	
5 	168 	198 	228 	258 	288 	
5 	169 	199 	229 	259 	289 	
5 	170 	200 	230 	260 	290 	
5 	171 	201 	231 	261 	291 	
5 	172 	202 	232 	262 	292 	
5 	173 	203 	233 	263 	293 	
5 	174 	204 	234 	264 	294 	
5 	175 	205 	235 	265 	295 	
5 	176 	206 	236 	266 	296 	
5 	177 	207 	237 	267 	297 	
5 	178 	208 	238 	268 	298 	
5 	179 	209 	239 	269 	299 	
5 	180 	210 	240 	270 	300 	
5 	151 	209 	227 	247 	276 	
5 	152 	210 	228 	248 	277 	
5 	153 	181 	229 	249 	278 	
5 	154 	182 	230 	250 	279 	
5 	155 	183 	231 	251 	280 	
5 	156 	184 	232 	252 	281 	
5 	157 	185 	233 	253 	282 	
5 	158 	186 	234 	254 	283 	
5 	159 	187 	235 	255 	284 	
5 	160 	188 	236 	256 	285 	
5 	161 	189 	237 	257 	286 	
5 	162 	190 	238 	258 	287 	
5 	163 	191 	239 	259 	288 	
5 	164 	192 	240 	260 	289 	
5 	165 	193 	211 	261 	290 	
5 	166 	194 	212 	262 	291 	
5 	167 	195 	213 	263 	292 	
5 	168 	196 	214 	264 	293 	
5 	169 	197 	215 	265 	294 	
5 	170 	198 	216 	266 	295 	
5 	171 	199 	217 	267 	296 	
5 	172 	200 	218 	268 	297 	
5 	173 	201 	219 	269 	298 	
5 	174 	202 	220 	270 	299 	
5 	175 	203 	221 	241 	300 	
5 	176 	204 	222 	242 	271 	
5 	177 	205 	223 	243 	272 	
5 	178 	206 	224 	244 	273 	
5 	179 	207 	225 	245 	274 	
5 	180 	208 	226 	246 	275 	
5 	151 	195 	230 	267 	288 	
5 	152 	196 	231 	268 	289 	
5 	153 	197 	232 	269 	290 	
5 	154 	198 	233 	270 	291 	
5 	155 	199 	234 	241 	292 	
5 	156 	200 	235 	242 	293 	
5 	157 	201 	236 	243 	294 	
5 	158 	202 	237 	244 	295 	
5 	159 	203 	238 	245 	296 	
5 	160 	204 	239 	246 	297 	
5 	161 	205 	240 	247 	298 	
5 	162 	206 	211 	248 	299 	
5 	163 	207 	212 	249 	300 	
5 	164 	208 	213 	250 	271 	
5 	165 	209 	214 	251 	272 	
5 	166 	210 	215 	252 	273 	
5 	167 	181 	216 	253 	274 	
5 	168 	182 	217 	254 	275 	
5 	169 	183 	218 	255 	276 	
5 	170 	184 	219 	256 	277 	
5 	171 	185 	220 	257 	278 	
5 	172 	186 	221 	258 	279 	
5 	173 	187 	222 	259 	280 	
5 	174 	188 	223 	260 	281 	
5 	175 	189 	224 	261 	282 	
5 	176 	190 	225 	262 	283 	
5 	177 	191 	226 	263 	284 	
5 	178 	192 	227 	264 	285 	
5 	179 	193 	228 	265 	286 	
5 	180 	194 	229 	266 	287 	
5 	301 	331 	361 	391 	421 	
5 	302 	332 	362 	392 	422 	
5 	303 	333 	363 	393 	423 	
5 	304 	334 	364 	394 	424 	
5 	305 	335 	365 	395 	425 	
5 	306 	336 	366 	396 	426 	
5 	307 	337 	367 	397 	427 	
5 	308 	338 	368 	398 	428 	
5 	309 	339 	369 	399 	429 	
5 	310 	340 	370 	400 	430 	
5 	311 	341 	371 	401 	431 	
5 	312 	342 	372 	402 	432 	
5 	313 	343 	373 	403 	433 	
5 	314 	344 	374 	404 	434 	
5 	315 	345 	375 	405 	435 	
5 	316 	346 	376 	406 	436 	
5 	317 	347 	377 	407 	437 	
5 	318 	348 	378 	408 	438 	
5 	319 	349 	379 	409 	439 	
5 	320 	350 	380 	410 	440 	
5 	321 	351 	381 	411 	441 	
5 	322 	352 	382 	412 	442 	
5 	323 	353 	383 	413 	443 	
5 	324 	354 	384 	414 	444 	
5 	325 	355 	385 	415 	445 	
5 	326 	356 	386 	416 	446 	
5 	327 	357 	387 	417 	447 	
5 	328 	358 	388 	418 	448 	
5 	329 	359 	389 	419 	449 	
5 	330 	360 	390 	420 	450 	
5 	301 	359 	377 	397 	426 	
5 	302 	360 	378 	398 	427 	
5 	303 	331 	379 	399 	428 	
5 	304 	332 	380 	400 	429 	
5 	305 	333 	381 	401 	430 	
5 	306 	334 	382 	402 	431 	
5 	307 	335 	383 	403 	432 	
5 	308 	336 	384 	404 	433 	
5 	309 	337 	385 	405 	434 	
5 	310 	338 	386 	406 	435 	
5 	311 	339 	387 	407 	436 	
5 	312 	340 	388 	408 	437 	
5 	313 	341 	389 	409 	438 	
5 	314 	342 	390 	410 	439 	
5 	315 	343 	361 	411 	440 	
5 	316 	344 	362 	412 	441 	
5 	317 	345 	363 	413 	442 	
5 	318 	346 	364 	414 	443 	
5 	319 	347 	365 	415 	444 	
5 	320 	348 	366 	416 	445 	
5 	321 	349 	367 	417 	446 	
5 	322 	350 	368 	418 	447 	
5 	323 	351 	369 	419 	448 	
5 	324 	352 	370 	420 	449 	
5 	325 	353 	371 	391 	450 	
5 	326 	354 	372 	392 	421 	
5 	327 	355 	373 	393 	422 	
5 	328 	356 	374 	394 	423 	
5 	329 	357 	375 	395 	424 	
5 	330 	358 	376 	396 	425 	
5 	301 	345 	380 	417 	438 	
5 	302 	346 	381 	418 	439 	
5 	303 	347 	382 	419 	440 	
5 	304 	348 	383 	420 	441 	
5 	305 	349 	384 	391 	442 	
5 	306 	350 	385 	392 	443 	
5 	307 	351 	386 	393 	444 	
5 	308 	352 	387 	394 	445 	
5 	309 	353 	388 	395 	446 	
5 	310 	354 	389 	396 	447 	
5 	311 	355 	390 	397 	448 	
5 	312 	356 	361 	398 	449 	
5 	313 	357 	362 	399 	450 	
5 	314 	358 	363 	400 	421 	
5 	315 	359 	364 	401 	422 	
5 	316 	360 	365 	402 	423 	
5 	317 	331 	366 	403 	424 	
5 	318 	332 	367 	404 	425 	
5 	319 	333 	368 	405 	426 	
5 	320 	334 	369 	406 	427 	
5 	321 	335 	370 	407 	428 	
5 	322 	336 	371 	408 	429 	
5 	323 	337 	372 	409 	430 	
5 	324 	338 	373 	410 	431 	
5 	325 	339 	374 	411 	432 	
5 	326 	340 	375 	412 	433 	
5 	327 	341 	376 	413 	434 	
5 	328 	342 	377 	414 	435 	
5 	329 	343 	378 	415 	436 	
5 	330 	344 	379 	416 	437 	
8 	1 	151 	301 	451 	601 	751 	781 	811 	
8 	2 	152 	302 	452 	602 	752 	782 	812 	
8 	3 	153 	303 	453 	603 	753 	783 	813 	
8 	4 	154 	304 	454 	604 	754 	784 	814 	
8 	5 	155 	305 	455 	605 	755 	785 	815 	
8 	6 	156 	306 	456 	606 	756 	786 	816 	
8 	7 	157 	307 	457 	607 	757 	787 	817 	
8 	8 	158 	308 	458 	608 	758 	788 	818 	
8 	9 	159 	309 	459 	609 	759 	789 	819 	
8 	10 	160 	310 	460 	610 	760 	790 	820 	
8 	11 	161 	311 	461 	611 	761 	791 	821 	
8 	12 	162 	312 	462 	612 	762 	792 	822 	
8 	13 	163 	313 	463 	613 	763 	793 	823 	
8 	14 	164 	314 	464 	614 	764 	794 	824 	
8 	15 	165 	315 	465 	615 	765 	795 	825 	
8 	16 	166 	316 	466 	616 	766 	796 	826 	
8 	17 	167 	317 	467 	617 	767 	797 	827 	
8 	18 	168 	318 	468 	618 	768 	798 	828 	
8 	19 	169 	319 	469 	619 	769 	799 	829 	
8 	20 	170 	320 	470 	620 	770 	800 	830 	
8 	21 	171 	321 	471 	621 	771 	801 	831 	
8 	22 	172 	322 	472 	622 	772 	802 	832 	
8 	23 	173 	323 	473 	623 	773 	803 	833 	
8 	24 	174 	324 	474 	624 	774 	804 	834 	
8 	25 	175 	325 	475 	625 	775 	805 	835 	
8 	26 	176 	326 	476 	626 	776 	806 	836 	
8 	27 	177 	327 	477 	627 	777 	807 	837 	
8 	28 	178 	328 	478 	628 	778 	808 	838 	
8 	29 	179 	329 	479 	629 	779 	809 	839 	
8 	30 	180 	330 	480 	630 	780 	810 	840 	
8 	31 	181 	331 	481 	631 	751 	783 	827 	
8 	32 	182 	332 	482 	632 	752 	784 	828 	
8 	33 	183 	333 	483 	633 	753 	785 	829 	
8 	34 	184 	334 	484 	634 	754 	786 	830 	
8 	35 	185 	335 	485 	635 	755 	787 	831 	
8 	36 	186 	336 	486 	636 	756 	788 	832 	
8 	37 	187 	337 	487 	637 	757 	789 	833 	
8 	38 	188 	338 	488 	638 	758 	790 	834 	
8 	39 	189 	339 	489 	639 	759 	791 	835 	
8 	40 	190 	340 	490 	640 	760 	792 	836 	
8 	41 	191 	341 	491 	641 	761 	793 	837 	
8 	42 	192 	342 	492 	642 	762 	794 	838 	
8 	43 	193 	343 	493 	643 	763 	795 	839 	
8 	44 	194 	344 	494 	644 	764 	796 	840 	
8 	45 	195 	345 	495 	645 	765 	797 	811 	
8 	46 	196 	346 	496 	646 	766 	798 	812 	
8 	47 	197 	347 	497 	647 	767 	799 	813 	
8 	48 	198 	348 	498 	648 	768 	800 	814 	
8 	49 	199 	349 	499 	649 	769 	801 	815 	
8 	50 	200 	350 	500 	650 	770 	802 	816 	
8 	51 	201 	351 	501 	651 	771 	803 	817 	
8 	52 	202 	352 	502 	652 	772 	804 	818 	
8 	53 	203 	353 	503 	653 	773 	805 	819 	
8 	54 	204 	354 	504 	654 	774 	806 	820 	
8 	55 	205 	355 	505 	655 	775 	807 	821 	
8 	56 	206 	356 	506 	656 	776 	808 	822 	
8 	57 	207 	357 	507 	657 	777 	809 	823 	
8 	58 	208 	358 	508 	658 	778 	810 	824 	
8 	59 	209 	359 	509 	659 	779 	781 	825 	
8 	60 	210 	360 	510 	660 	780 	782 	826 	
8 	61 	211 	361 	511 	661 	751 	795 	822 	
8 	62 	212 	362 	512 	662 	752 	796 	823 	
8 	63 	213 	363 	513 	663 	753 	797 	824 	
8 	64 	214 	364 	514 	664 	754 	798 	825 	
8 	65 	215 	365 	515 	665 	755 	799 	826 	
8 	66 	216 	366 	516 	666 	756 	800 	827 	
8 	67 	217 	367 	517 	667 	757 	801 	828 	
8 	68 	218 	368 	518 	668 	758 	802 	829 	
8 	69 	219 	369 	519 	669 	759 	803 	830 	
8 	70 	220 	370 	520 	670 	760 	804 	831 	
8 	71 	221 	371 	521 	671 	761 	805 	832 	
8 	72 	222 	372 	522 	672 	762 	806 	833 	
8 	73 	223 	373 	523 	673 	763 	807 	834 	
8 	74 	224 	374 	524 	674 	764 	808 	835 	
8 	75 	225 	375 	525 	675 	765 	809 	836 	
8 	76 	226 	376 	526 	676 	766 	810 	837 	
8 	77 	227 	377 	527 	677 	767 	781 	838 	
8 	78 	228 	378 	528 	678 	768 	782 	839 	
8 	79 	229 	379 	529 	679 	769 	783 	840 	
8 	80 	230 	380 	530 	680 	770 	784 	811 	
8 	81 	231 	381 	531 	681 	771 	785 	812 	
8 	82 	232 	382 	532 	682 	772 	786 	813 	
8 	83 	233 	383 	533 	683 	773 	787 	814 	
8 	84 	234 	384 	534 	684 	774 	788 	815 	
8 	85 	235 	385 	535 	685 	775 	789 	816 	
8 	86 	236 	386 	536 	686 	776 	790 	817 	
8 	87 	237 	387 	537 	687 	777 	791 	818 	
8 	88 	238 	388 	538 	688 	778 	792 	819 	
8 	89 	239 	389 	539 	689 	779 	793 	820 	
8 	90 	240 	390 	540 	690 	780 	794 	821 	
8 	91 	241 	391 	541 	691 	751 	805 	815 	
8 	92 	242 	392 	542 	692 	752 	806 	816 	
8 	93 	243 	393 	543 	693 	753 	807 	817 	
8 	94 	244 	394 	544 	694 	754 	808 	818 	
8 	95 	245 	395 	545 	695 	755 	809 	819 	
8 	96 	246 	396 	546 	696 	756 	810 	820 	
8 	97 	247 	397 	547 	697 	757 	781 	821 	
8 	98 	248 	398 	548 	698 	758 	782 	822 	
8 	99 	249 	399 	549 	699 	759 	783 	823 	
8 	100 	250 	400 	550 	700 	760 	784 	824 	
8 	101 	251 	401 	551 	701 	761 	785 	825 	
8 	102 	252 	402 	552 	702 	762 	786 	826 	
8 	103 	253 	403 	553 	703 	763 	787 	827 	
8 	104 	254 	404 	554 	704 	764 	788 	828 	
8 	105 	255 	405 	555 	705 	765 	789 	829 	
8 	106 	256 	406 	556 	706 	766 	790 	830 	
8 	107 	257 	407 	557 	707 	767 	791 	831 	
8 	108 	258 	408 	558 	708 	768 	792 	832 	
8 	109 	259 	409 	559 	709 	769 	793 	833 	
8 	110 	260 	410 	560 	710 	770 	794 	834 	
8 	111 	261 	411 	561 	711 	771 	795 	835 	
8 	112 	262 	412 	562 	712 	772 	796 	836 	
8 	113 	263 	413 	563 	713 	773 	797 	837 	
8 	114 	264 	414 	564 	714 	774 	798 	838 	
8 	115 	265 	415 	565 	715 	775 	799 	839 	
8 	116 	266 	416 	566 	716 	776 	800 	840 	
8 	117 	267 	417 	567 	717 	777 	801 	811 	
8 	118 	268 	418 	568 	718 	778 	802 	812 	
8 	119 	269 	419 	569 	719 	779 	803 	813 	
8 	120 	270 	420 	570 	720 	780 	804 	814 	
8 	121 	271 	421 	571 	721 	751 	806 	824 	
8 	122 	272 	422 	572 	722 	752 	807 	825 	
8 	123 	273 	423 	573 	723 	753 	808 	826 	
8 	124 	274 	424 	574 	724 	754 	809 	827 	
8 	125 	275 	425 	575 	725 	755 	810 	828 	
8 	126 	276 	426 	576 	726 	756 	781 	829 	
8 	127 	277 	427 	577 	727 	757 	782 	830 	
8 	128 	278 	428 	578 	728 	758 	783 	831 	
8 	129 	279 	429 	579 	729 	759 	784 	832 	
8 	130 	280 	430 	580 	730 	760 	785 	833 	
8 	131 	281 	431 	581 	731 	761 	786 	834 	
8 	132 	282 	432 	582 	732 	762 	787 	835 	
8 	133 	283 	433 	583 	733 	763 	788 	836 	
8 	134 	284 	434 	584 	734 	764 	789 	837 	
8 	135 	285 	435 	585 	735 	765 	790 	838 	
8 	136 	286 	436 	586 	736 	766 	791 	839 	
8 	137 	287 	437 	587 	737 	767 	792 	840 	
8 	138 	288 	438 	588 	738 	768 	793 	811 	
8 	139 	289 	439 	589 	739 	769 	794 	812 	
8 	140 	290 	440 	590 	740 	770 	795 	813 	
8 	141 	291 	441 	591 	741 	771 	796 	814 	
8 	142 	292 	442 	592 	742 	772 	797 	815 	
8 	143 	293 	443 	593 	743 	773 	798 	816 	
8 	144 	294 	444 	594 	744 	774 	799 	817 	
8 	145 	295 	445 	595 	745 	775 	800 	818 	
8 	146 	296 	446 	596 	746 	776 	801 	819 	
8 	147 	297 	447 	597 	747 	777 	802 	820 	
8 	148 	298 	448 	598 	748 	778 	803 	821 	
8 	149 	299 	449 	599 	749 	779 	804 	822 	
8 	150 	300 	450 	600 	750 	780 	805 	823 	
8 	1 	179 	317 	457 	606 	841 	871 	901 	
8 	2 	180 	318 	458 	607 	842 	872 	902 	
8 	3 	151 	319 	459 	608 	843 	873 	903 	
8 	4 	152 	320 	460 	609 	844 	874 	904 	
8 	5 	153 	321 	461 	610 	845 	875 	905 	
8 	6 	154 	322 	462 	611 	846 	876 	906 	
8 	7 	155 	323 	463 	612 	847 	877 	907 	
8 	8 	156 	324 	464 	613 	848 	878 	908 	
8 	9 	157 	325 	465 	614 	849 	879 	909 	
8 	10 	158 	326 	466 	615 	850 	880 	910 	
8 	11 	159 	327 	467 	616 	851 	881 	911 	
8 	12 	160 	328 	468 	617 	852 	882 	912 	
8 	13 	161 	329 	469 	618 	853 	883 	913 	
8 	14 	162 	330 	470 	619 	854 	884 	914 	
8 	15 	163 	301 	471 	620 	855 	885 	915 	
8 	16 	164 	302 	472 	621 	856 	886 	916 	
8 	17 	165 	303 	473 	622 	857 	887 	917 	
8 	18 	166 	304 	474 	623 	858 	888 	918 	
8 	19 	167 	305 	475 	624 	859 	889 	919 	
8 	20 	168 	306 	476 	625 	860 	890 	920 	
8 	21 	169 	307 	477 	626 	861 	891 	921 	
8 	22 	170 	308 	478 	627 	862 	892 	922 	
8 	23 	171 	309 	479 	628 	863 	893 	923 	
8 	24 	172 	310 	480 	629 	864 	894 	924 	
8 	25 	173 	311 	451 	630 	865 	895 	925 	
8 	26 	174 	312 	452 	601 	866 	896 	926 	
8 	27 	175 	313 	453 	602 	867 	897 	927 	
8 	28 	176 	314 	454 	603 	868 	898 	928 	
8 	29 	177 	315 	455 	604 	869 	899 	929 	
8 	30 	178 	316 	456 	605 	870 	900 	930 	
8 	31 	209 	347 	487 	636 	841 	873 	917 	
8 	32 	210 	348 	488 	637 	842 	874 	918 	
8 	33 	181 	349 	489 	638 	843 	875 	919 	
8 	34 	182 	350 	490 	639 	844 	876 	920 	
8 	35 	183 	351 	491 	640 	845 	877 	921 	
8 	36 	184 	352 	492 	641 	846 	878 	922 	
8 	37 	185 	353 	493 	642 	847 	879 	923 	
8 	38 	186 	354 	494 	643 	848 	880 	924 	
8 	39 	187 	355 	495 	644 	849 	881 	925 	
8 	40 	188 	356 	496 	645 	850 	882 	926 	
8 	41 	189 	357 	497 	646 	851 	883 	927 	
8 	42 	190 	358 	498 	647 	852 	884 	928 	
8 	43 	191 	359 	499 	648 	853 	885 	929 	
8 	44 	192 	360 	500 	649 	854 	886 	930 	
8 	45 	193 	331 	501 	650 	855 	887 	901 	
8 	46 	194 	332 	502 	651 	856 	888 	902 	
8 	47 	195 	333 	503 	652 	857 	889 	903 	
8 	48 	196 	334 	504 	653 	858 	890 	904 	
8 	49 	197 	335 	505 	654 	859 	891 	905 	
8 	50 	198 	336 	506 	655 	860 	892 	906 	
8 	51 	199 	337 	507 	656 	861 	893 	907 	
8 	52 	200 	338 	508 	657 	862 	894 	908 	
8 	53 	201 	339 	509 	658 	863 	895 	909 	
8 	54 	202 	340 	510 	659 	864 	896 	910 	
8 	55 	203 	341 	481 	660 	865 	897 	911 	
8 	56 	204 	342 	482 	631 	866 	898 	912 	
8 	57 	205 	343 	483 	632 	867 	899 	913 	
8 	58 	206 	344 	484 	633 	868 	900 	914 	
8 	59 	207 	345 	485 	634 	869 	871 	915 	
8 	60 	208 	346 	486 	635 	870 	872 	916 	
8 	61 	239 	377 	517 	666 	841 	885 	912 	
8 	62 	240 	378 	518 	667 	842 	886 	913 	
8 	63 	211 	379 	519 	668 	843 	887 	914 	
8 	64 	212 	380 	520 	669 	844 	888 	915 	
8 	65 	213 	381 	521 	670 	845 	889 	916 	
8 	66 	214 	382 	522 	671 	846 	890 	917 	
8 	67 	215 	383 	523 	672 	847 	891 	918 	
8 	68 	216 	384 	524 	673 	848 	892 	919 	
8 	69 	217 	385 	525 	674 	849 	893 	920 	
8 	70 	218 	386 	526 	675 	850 	894 	921 	
8 	71 	219 	387 	527 	676 	851 	895 	922 	
8 	72 	220 	388 	528 	677 	852 	896 	923 	
8 	73 	221 	389 	529 	678 	853 	897 	924 	
8 	74 	222 	390 	530 	679 	854 	898 	925 	
8 	75 	223 	361 	531 	680 	855 	899 	926 	
8 	76 	224 	362 	532 	681 	856 	900 	927 	
8 	77 	225 	363 	533 	682 	857 	871 	928 	
8 	78 	226 	364 	534 	683 	858 	872 	929 	
8 	79 	227 	365 	535 	684 	859 	873 	930 	
8 	80 	228 	366 	536 	685 	860 	874 	901 	
8 	81 	229 	367 	537 	686 	861 	875 	902 	
8 	82 	230 	368 	538 	687 	862 	876 	903 	
8 	83 	231 	369 	539 	688 	863 	877 	904 	
8 	84 	232 	370 	540 	689 	864 	878 	905 	
8 	85 	233 	371 	511 	690 	865 	879 	906 	
8 	86 	234 	372 	512 	661 	866 	880 	907 	
8 	87 	235 	373 	513 	662 	867 	881 	908 	
8 	88 	236 	374 	514 	663 	868 	882 	909 	
8 	89 	237 	375 	515 	664 	869 	883 	910 	
8 	90 	238 	376 	516 	665 	870 	884 	911 	
8 	91 	269 	407 	547 	696 	841 	895 	905 	
8 	92 	270 	408 	548 	697 	842 	896 	906 	
8 	93 	241 	409 	549 	698 	843 	897 	907 	
8 	94 	242 	410 	550 	699 	844 	898 	908 	
8 	95 	243 	411 	551 	700 	845 	899 	909 	
8 	96 	244 	412 	552 	701 	846 	900 	910 	
8 	97 	245 	413 	553 	702 	847 	871 	911 	
8 	98 	246 	414 	554 	703 	848 	872 	912 	
8 	99 	247 	415 	555 	704 	849 	873 	913 	
8 	100 	248 	416 	556 	705 	850 	874 	914 	
8 	101 	249 	417 	557 	706 	851 	875 	915 	
8 	102 	250 	418 	558 	707 	852 	876 	916 	
8 	103 	251 	419 	559 	708 	853 	877 	917 	
8 	104 	252 	420 	560 	709 	854 	878 	918 	
8 	105 	253 	391 	561 	710 	855 	879 	919 	
8 	106 	254 	392 	562 	711 	856 	880 	920 	
8 	107 	255 	393 	563 	712 	857 	881 	921 	
8 	108 	256 	394 	564 	713 	858 	882 	922 	
8 	109 	257 	395 	565 	714 	859 	883 	923 	
8 	110 	258 	396 	566 	715 	860 	884 	924 	
8 	111 	259 	397 	567 	716 	861 	885 	925 	
8 	112 	260 	398 	568 	717 	862 	886 	926 	
8 	113 	261 	399 	569 	718 	863 	887 	927 	
8 	114 	262 	400 	570 	719 	864 	888 	928 	
8 	115 	263 	401 	541 	720 	865 	889 	929 	
8 	116 	264 	402 	542 	691 	866 	890 	930 	
8 	117 	265 	403 	543 	692 	867 	891 	901 	
8 	118 	266 	404 	544 	693 	868 	892 	902 	
8 	119 	267 	405 	545 	694 	869 	893 	903 	
8 	120 	268 	406 	546 	695 	870 	894 	904 	
8 	121 	299 	437 	577 	726 	841 	896 	914 	
8 	122 	300 	438 	578 	727 	842 	897 	915 	
8 	123 	271 	439 	579 	728 	843 	898 	916 	
8 	124 	272 	440 	580 	729 	844 	899 	917 	
8 	125 	273 	441 	581 	730 	845 	900 	918 	
8 	126 	274 	442 	582 	731 	846 	871 	919 	
8 	127 	275 	443 	583 	732 	847 	872 	920 	
8 	128 	276 	444 	584 	733 	848 	873 	921 	
8 	129 	277 	445 	585 	734 	849 	874 	922 	
8 	130 	278 	446 	586 	735 	850 	875 	923 	
8 	131 	279 	447 	587 	736 	851 	876 	924 	
8 	132 	280 	448 	588 	737 	852 	877 	925 	
8 	133 	281 	449 	589 	738 	853 	878 	926 	
8 	134 	282 	450 	590 	739 	854 	879 	927 	
8 	135 	283 	421 	591 	740 	855 	880 	928 	
8 	136 	284 	422 	592 	741 	856 	881 	929 	
8 	137 	285 	423 	593 	742 	857 	882 	930 	
8 	138 	286 	424 	594 	743 	858 	883 	901 	
8 	139 	287 	425 	595 	744 	859 	884 	902 	
8 	140 	288 	426 	596 	745 	860 	885 	903 	
8 	141 	289 	427 	597 	746 	861 	886 	904 	
8 	142 	290 	428 	598 	747 	862 	887 	905 	
8 	143 	291 	429 	599 	748 	863 	888 	906 	
8 	144 	292 	430 	600 	749 	864 	889 	907 	
8 	145 	293 	431 	571 	750 	865 	890 	908 	
8 	146 	294 	432 	572 	721 	866 	891 	909 	
8 	147 	295 	433 	573 	722 	867 	892 	910 	
8 	148 	296 	434 	574 	723 	868 	893 	911 	
8 	149 	297 	435 	575 	724 	869 	894 	912 	
8 	150 	298 	436 	576 	725 	870 	895 	913 	
8 	1 	165 	320 	477 	618 	931 	961 	991 	
8 	2 	166 	321 	478 	619 	932 	962 	992 	
8 	3 	167 	322 	479 	620 	933 	963 	993 	
8 	4 	168 	323 	480 	621 	934 	964 	994 	
8 	5 	169 	324 	451 	622 	935 	965 	995 	
8 	6 	170 	325 	452 	623 	936 	966 	996 	
8 	7 	171 	326 	453 	624 	937 	967 	997 	
8 	8 	172 	327 	454 	625 	938 	968 	998 	
8 	9 	173 	328 	455 	626 	939 	969 	999 	
8 	10 	174 	329 	456 	627 	940 	970 	1000 	
8 	11 	175 	330 	457 	628 	941 	971 	1001 	
8 	12 	176 	301 	458 	629 	942 	972 	1002 	
8 	13 	177 	302 	459 	630 	943 	973 	1003 	
8 	14 	178 	303 	460 	601 	944 	974 	1004 	
8 	15 	179 	304 	461 	602 	945 	975 	1005 	
8 	16 	180 	305 	462 	603 	946 	976 	1006 	
8 	17 	151 	306 	463 	604 	947 	977 	1007 	
8 	18 	152 	307 	464 	605 	948 	978 	1008 	
8 	19 	153 	308 	465 	606 	949 	979 	1009 	
8 	20 	154 	309 	466 	607 	950 	980 	1010 	
8 	21 	155 	310 	467 	608 	951 	981 	1011 	
8 	22 	156 	311 	468 	609 	952 	982 	1012 	
8 	23 	157 	312 	469 	610 	953 	983 	1013 	
8 	24 	158 	313 	470 	611 	954 	984 	1014 	
8 	25 	159 	314 	471 	612 	955 	985 	1015 	
8 	26 	160 	315 	472 	613 	956 	986 	1016 	
8 	27 	161 	316 	473 	614 	957 	987 	1017 	
8 	28 	162 	317 	474 	615 	958 	988 	1018 	
8 	29 	163 	318 	475 	616 	959 	989 	1019 	
8 	30 	164 	319 	476 	617 	960 	990 	1020 	
8 	31 	195 	350 	507 	648 	931 	963 	1007 	
8 	32 	196 	351 	508 	649 	932 	964 	1008 	
8 	33 	197 	352 	509 	650 	933 	965 	1009 	
8 	34 	198 	353 	510 	651 	934 	966 	1010 	
8 	35 	199 	354 	481 	652 	935 	967 	1011 	
8 	36 	200 	355 	482 	653 	936 	968 	1012 	
8 	37 	201 	356 	483 	654 	937 	969 	1013 	
8 	38 	202 	357 	484 	655 	938 	970 	1014 	
8 	39 	203 	358 	485 	656 	939 	971 	1015 	
8 	40 	204 	359 	486 	657 	940 	972 	1016 	
8 	41 	205 	360 	487 	658 	941 	973 	1017 	
8 	42 	206 	331 	488 	659 	942 	974 	1018 	
8 	43 	207 	332 	489 	660 	943 	975 	1019 	
8 	44 	208 	333 	490 	631 	944 	976 	1020 	
8 	45 	209 	334 	491 	632 	945 	977 	991 	
8 	46 	210 	335 	492 	633 	946 	978 	992 	
8 	47 	181 	336 	493 	634 	947 	979 	993 	
8 	48 	182 	337 	494 	635 	948 	980 	994 	
8 	49 	183 	338 	495 	636 	949 	981 	995 	
8 	50 	184 	339 	496 	637 	950 	982 	996 	
8 	51 	185 	340 	497 	638 	951 	983 	997 	
8 	52 	186 	341 	498 	639 	952 	984 	998 	
8 	53 	187 	342 	499 	640 	953 	985 	999 	
8 	54 	188 	343 	500 	641 	954 	986 	1000 	
8 	55 	189 	344 	501 	642 	955 	987 	1001 	
8 	56 	190 	345 	502 	643 	956 	988 	1002 	
8 	57 	191 	346 	503 	644 	957 	989 	1003 	
8 	58 	192 	347 	504 	645 	958 	990 	1004 	
8 	59 	193 	348 	505 	646 	959 	961 	1005 	
8 	60 	194 	349 	506 	647 	960 	962 	1006 	
8 	61 	225 	380 	537 	678 	931 	975 	1002 	
8 	62 	226 	381 	538 	679 	932 	976 	1003 	
8 	63 	227 	382 	539 	680 	933 	977 	1004 	
8 	64 	228 	383 	540 	681 	934 	978 	1005 	
8 	65 	229 	384 	511 	682 	935 	979 	1006 	
8 	66 	230 	385 	512 	683 	936 	980 	1007 	
8 	67 	231 	386 	513 	684 	937 	981 	1008 	
8 	68 	232 	387 	514 	685 	938 	982 	1009 	
8 	69 	233 	388 	515 	686 	939 	983 	1010 	
8 	70 	234 	389 	516 	687 	940 	984 	1011 	
8 	71 	235 	390 	517 	688 	941 	985 	1012 	
8 	72 	236 	361 	518 	689 	942 	986 	1013 	
8 	73 	237 	362 	519 	690 	943 	987 	1014 	
8 	74 	238 	363 	520 	661 	944 	988 	1015 	
8 	75 	239 	364 	521 	662 	945 	989 	1016 	
8 	76 	240 	365 	522 	663 	946 	990 	1017 	
8 	77 	211 	366 	523 	664 	947 	961 	1018 	
8 	78 	212 	367 	524 	665 	948 	962 	1019 	
8 	79 	213 	368 	525 	666 	949 	963 	1020 	
8 	80 	214 	369 	526 	667 	950 	964 	991 	
8 	81 	215 	370 	527 	668 	951 	965 	992 	
8 	82 	216 	371 	528 	669 	952 	966 	993 	
8 	83 	217 	372 	529 	670 	953 	967 	994 	
8 	84 	218 	373 	530 	671 	954 	968 	995 	
8 	85 	219 	374 	531 	672 	955 	969 	996 	
8 	86 	220 	375 	532 	673 	956 	970 	997 	
8 	87 	221 	376 	533 	674 	957 	971 	998 	
8 	88 	222 	377 	534 	675 	958 	972 	999 	
8 	89 	223 	378 	535 	676 	959 	973 	1000 	
8 	90 	224 	379 	536 	677 	960 	974 	1001 	
8 	91 	255 	410 	567 	708 	931 	985 	995 	
8 	92 	256 	411 	568 	709 	932 	986 	996 	
8 	93 	257 	412 	569 	710 	933 	987 	997 	
8 	94 	258 	413 	570 	711 	934 	988 	998 	
8 	95 	259 	414 	541 	712 	935 	989 	999 	
8 	96 	260 	415 	542 	713 	936 	990 	1000 	
8 	97 	261 	416 	543 	714 	937 	961 	1001 	
8 	98 	262 	417 	544 	715 	938 	962 	1002 	
8 	99 	263 	418 	545 	716 	939 	963 	1003 	
8 	100 	264 	419 	546 	717 	940 	964 	1004 	
8 	101 	265 	420 	547 	718 	941 	965 	1005 	
8 	102 	266 	391 	548 	719 	942 	966 	1006 	
8 	103 	267 	392 	549 	720 	943 	967 	1007 	
8 	104 	268 	393 	550 	691 	944 	968 	1008 	
8 	105 	269 	394 	551 	692 	945 	969 	1009 	
8 	106 	270 	395 	552 	693 	946 	970 	1010 	
8 	107 	241 	396 	553 	694 	947 	971 	1011 	
8 	108 	242 	397 	554 	695 	948 	972 	1012 	
8 	109 	243 	398 	555 	696 	949 	973 	1013 	
8 	110 	244 	399 	556 	697 	950 	974 	1014 	
8 	111 	245 	400 	557 	698 	951 	975 	1015 	
8 	112 	246 	401 	558 	699 	952 	976 	1016 	
8 	113 	247 	402 	559 	700 	953 	977 	1017 	
8 	114 	248 	403 	560 	701 	954 	978 	1018 	
8 	115 	249 	404 	561 	702 	955 	979 	1019 	
8 	116 	250 	405 	562 	703 	956 	980 	1020 	
8 	117 	251 	406 	563 	704 	957 	981 	991 	
8 	118 	252 	407 	564 	705 	958 	982 	992 	
8 	119 	253 	408 	565 	706 	959 	983 	993 	
8 	120 	254 	409 	566 	707 	960 	984 	994 	
8 	121 	285 	440 	597 	738 	931 	986 	1004 	
8 	122 	286 	441 	598 	739 	932 	987 	1005 	
8 	123 	287 	442 	599 	740 	933 	988 	1006 	
8 	124 	288 	443 	600 	741 	934 	989 	1007 	
8 	125 	289 	444 	571 	742 	935 	990 	1008 	
8 	126 	290 	445 	572 	743 	936 	961 	1009 	
8 	127 	291 	446 	573 	744 	937 	962 	1010 	
8 	128 	292 	447 	574 	745 	938 	963 	1011 	
8 	129 	293 	448 	575 	746 	939 	964 	1012 	
8 	130 	294 	449 	576 	747 	940 	965 	1013 	
8 	131 	295 	450 	577 	748 	941 	966 	1014 	
8 	132 	296 	421 	578 	749 	942 	967 	1015 	
8 	133 	297 	422 	579 	750 	943 	968 	1016 	
8 	134 	298 	423 	580 	721 	944 	969 	1017 	
8 	135 	299 	424 	581 	722 	945 	970 	1018 	
8 	136 	300 	425 	582 	723 	946 	971 	1019 	
8 	137 	271 	426 	583 	724 	947 	972 	1020 	
8 	138 	272 	427 	584 	725 	948 	973 	991 	
8 	139 	273 	428 	585 	726 	949 	974 	992 	
8 	140 	274 	429 	586 	727 	950 	975 	993 	
8 	141 	275 	430 	587 	728 	951 	976 	994 	
8 	142 	276 	431 	588 	729 	952 	977 	995 	
8 	143 	277 	432 	589 	730 	953 	978 	996 	
8 	144 	278 	433 	590 	731 	954 	979 	997 	
8 	145 	279 	434 	591 	732 	955 	980 	998 	
8 	146 	280 	435 	592 	733 	956 	981 	999 	
8 	147 	281 	436 	593 	734 	957 	982 	1000 	
8 	148 	282 	437 	594 	735 	958 	983 	1001 	
8 	149 	283 	438 	595 	736 	959 	984 	1002 	
8 	150 	284 	439 	596 	737 	960 	985 	1003 	
