544 	 240 
3 	1 	81 	161 	
3 	2 	82 	162 	
3 	3 	83 	163 	
3 	4 	84 	164 	
3 	5 	85 	165 	
3 	6 	86 	166 	
3 	7 	87 	167 	
3 	8 	88 	168 	
3 	9 	89 	169 	
3 	10 	90 	170 	
3 	11 	91 	171 	
3 	12 	92 	172 	
3 	13 	93 	173 	
3 	14 	94 	174 	
3 	15 	95 	175 	
3 	16 	96 	176 	
3 	17 	97 	177 	
3 	18 	98 	178 	
3 	19 	99 	179 	
3 	20 	100 	180 	
3 	21 	101 	181 	
3 	22 	102 	182 	
3 	23 	103 	183 	
3 	24 	104 	184 	
3 	25 	105 	185 	
3 	26 	106 	186 	
3 	27 	107 	187 	
3 	28 	108 	188 	
3 	29 	109 	189 	
3 	30 	110 	190 	
3 	31 	111 	191 	
3 	32 	112 	192 	
3 	33 	113 	193 	
3 	34 	114 	194 	
3 	35 	115 	195 	
3 	36 	116 	196 	
3 	37 	117 	197 	
3 	38 	118 	198 	
3 	39 	119 	199 	
3 	40 	120 	200 	
3 	41 	121 	201 	
3 	42 	122 	202 	
3 	43 	123 	203 	
3 	44 	124 	204 	
3 	45 	125 	205 	
3 	46 	126 	206 	
3 	47 	127 	207 	
3 	48 	128 	208 	
3 	49 	129 	209 	
3 	50 	130 	210 	
3 	51 	131 	211 	
3 	52 	132 	212 	
3 	53 	133 	213 	
3 	54 	134 	214 	
3 	55 	135 	215 	
3 	56 	136 	216 	
3 	57 	137 	217 	
3 	58 	138 	218 	
3 	59 	139 	219 	
3 	60 	140 	220 	
3 	61 	141 	221 	
3 	62 	142 	222 	
3 	63 	143 	223 	
3 	64 	144 	224 	
3 	65 	145 	225 	
3 	66 	146 	226 	
3 	67 	147 	227 	
3 	68 	148 	228 	
3 	69 	149 	229 	
3 	70 	150 	230 	
3 	71 	151 	231 	
3 	72 	152 	232 	
3 	73 	153 	233 	
3 	74 	154 	234 	
3 	75 	155 	235 	
3 	76 	156 	236 	
3 	77 	157 	237 	
3 	78 	158 	238 	
3 	79 	159 	239 	
3 	80 	160 	240 	
3 	1 	83 	164 	
3 	2 	84 	165 	
3 	3 	85 	166 	
3 	4 	86 	167 	
3 	5 	87 	168 	
3 	6 	88 	169 	
3 	7 	89 	170 	
3 	8 	90 	171 	
3 	9 	91 	172 	
3 	10 	92 	173 	
3 	11 	93 	174 	
3 	12 	94 	175 	
3 	13 	95 	176 	
3 	14 	96 	161 	
3 	15 	81 	162 	
3 	16 	82 	163 	
3 	17 	99 	180 	
3 	18 	100 	181 	
3 	19 	101 	182 	
3 	20 	102 	183 	
3 	21 	103 	184 	
3 	22 	104 	185 	
3 	23 	105 	186 	
3 	24 	106 	187 	
3 	25 	107 	188 	
3 	26 	108 	189 	
3 	27 	109 	190 	
3 	28 	110 	191 	
3 	29 	111 	192 	
3 	30 	112 	177 	
3 	31 	97 	178 	
3 	32 	98 	179 	
3 	33 	115 	196 	
3 	34 	116 	197 	
3 	35 	117 	198 	
3 	36 	118 	199 	
3 	37 	119 	200 	
3 	38 	120 	201 	
3 	39 	121 	202 	
3 	40 	122 	203 	
3 	41 	123 	204 	
3 	42 	124 	205 	
3 	43 	125 	206 	
3 	44 	126 	207 	
3 	45 	127 	208 	
3 	46 	128 	193 	
3 	47 	113 	194 	
3 	48 	114 	195 	
3 	49 	131 	212 	
3 	50 	132 	213 	
3 	51 	133 	214 	
3 	52 	134 	215 	
3 	53 	135 	216 	
3 	54 	136 	217 	
3 	55 	137 	218 	
3 	56 	138 	219 	
3 	57 	139 	220 	
3 	58 	140 	221 	
3 	59 	141 	222 	
3 	60 	142 	223 	
3 	61 	143 	224 	
3 	62 	144 	209 	
3 	63 	129 	210 	
3 	64 	130 	211 	
3 	65 	147 	228 	
3 	66 	148 	229 	
3 	67 	149 	230 	
3 	68 	150 	231 	
3 	69 	151 	232 	
3 	70 	152 	233 	
3 	71 	153 	234 	
3 	72 	154 	235 	
3 	73 	155 	236 	
3 	74 	156 	237 	
3 	75 	157 	238 	
3 	76 	158 	239 	
3 	77 	159 	240 	
3 	78 	160 	225 	
3 	79 	145 	226 	
3 	80 	146 	227 	
3 	1 	85 	171 	
3 	2 	86 	172 	
3 	3 	87 	173 	
3 	4 	88 	174 	
3 	5 	89 	175 	
3 	6 	90 	176 	
3 	7 	91 	161 	
3 	8 	92 	162 	
3 	9 	93 	163 	
3 	10 	94 	164 	
3 	11 	95 	165 	
3 	12 	96 	166 	
3 	13 	81 	167 	
3 	14 	82 	168 	
3 	15 	83 	169 	
3 	16 	84 	170 	
3 	17 	101 	187 	
3 	18 	102 	188 	
3 	19 	103 	189 	
3 	20 	104 	190 	
3 	21 	105 	191 	
3 	22 	106 	192 	
3 	23 	107 	177 	
3 	24 	108 	178 	
3 	25 	109 	179 	
3 	26 	110 	180 	
3 	27 	111 	181 	
3 	28 	112 	182 	
3 	29 	97 	183 	
3 	30 	98 	184 	
3 	31 	99 	185 	
3 	32 	100 	186 	
3 	33 	117 	203 	
3 	34 	118 	204 	
3 	35 	119 	205 	
3 	36 	120 	206 	
3 	37 	121 	207 	
3 	38 	122 	208 	
3 	39 	123 	193 	
3 	40 	124 	194 	
3 	41 	125 	195 	
3 	42 	126 	196 	
3 	43 	127 	197 	
3 	44 	128 	198 	
3 	45 	113 	199 	
3 	46 	114 	200 	
3 	47 	115 	201 	
3 	48 	116 	202 	
3 	49 	133 	219 	
3 	50 	134 	220 	
3 	51 	135 	221 	
3 	52 	136 	222 	
3 	53 	137 	223 	
3 	54 	138 	224 	
3 	55 	139 	209 	
3 	56 	140 	210 	
3 	57 	141 	211 	
3 	58 	142 	212 	
3 	59 	143 	213 	
3 	60 	144 	214 	
3 	61 	129 	215 	
3 	62 	130 	216 	
3 	63 	131 	217 	
3 	64 	132 	218 	
3 	65 	149 	235 	
3 	66 	150 	236 	
3 	67 	151 	237 	
3 	68 	152 	238 	
3 	69 	153 	239 	
3 	70 	154 	240 	
3 	71 	155 	225 	
3 	72 	156 	226 	
3 	73 	157 	227 	
3 	74 	158 	228 	
3 	75 	159 	229 	
3 	76 	160 	230 	
3 	77 	145 	231 	
3 	78 	146 	232 	
3 	79 	147 	233 	
3 	80 	148 	234 	
3 	1 	88 	175 	
3 	2 	89 	176 	
3 	3 	90 	161 	
3 	4 	91 	162 	
3 	5 	92 	163 	
3 	6 	93 	164 	
3 	7 	94 	165 	
3 	8 	95 	166 	
3 	9 	96 	167 	
3 	10 	81 	168 	
3 	11 	82 	169 	
3 	12 	83 	170 	
3 	13 	84 	171 	
3 	14 	85 	172 	
3 	15 	86 	173 	
3 	16 	87 	174 	
3 	17 	104 	191 	
3 	18 	105 	192 	
3 	19 	106 	177 	
3 	20 	107 	178 	
3 	21 	108 	179 	
3 	22 	109 	180 	
3 	23 	110 	181 	
3 	24 	111 	182 	
3 	25 	112 	183 	
3 	26 	97 	184 	
3 	27 	98 	185 	
3 	28 	99 	186 	
3 	29 	100 	187 	
3 	30 	101 	188 	
3 	31 	102 	189 	
3 	32 	103 	190 	
3 	33 	120 	207 	
3 	34 	121 	208 	
3 	35 	122 	193 	
3 	36 	123 	194 	
3 	37 	124 	195 	
3 	38 	125 	196 	
3 	39 	126 	197 	
3 	40 	127 	198 	
3 	41 	128 	199 	
3 	42 	113 	200 	
3 	43 	114 	201 	
3 	44 	115 	202 	
3 	45 	116 	203 	
3 	46 	117 	204 	
3 	47 	118 	205 	
3 	48 	119 	206 	
3 	49 	136 	223 	
3 	50 	137 	224 	
3 	51 	138 	209 	
3 	52 	139 	210 	
3 	53 	140 	211 	
3 	54 	141 	212 	
3 	55 	142 	213 	
3 	56 	143 	214 	
3 	57 	144 	215 	
3 	58 	129 	216 	
3 	59 	130 	217 	
3 	60 	131 	218 	
3 	61 	132 	219 	
3 	62 	133 	220 	
3 	63 	134 	221 	
3 	64 	135 	222 	
3 	65 	152 	239 	
3 	66 	153 	240 	
3 	67 	154 	225 	
3 	68 	155 	226 	
3 	69 	156 	227 	
3 	70 	157 	228 	
3 	71 	158 	229 	
3 	72 	159 	230 	
3 	73 	160 	231 	
3 	74 	145 	232 	
3 	75 	146 	233 	
3 	76 	147 	234 	
3 	77 	148 	235 	
3 	78 	149 	236 	
3 	79 	150 	237 	
3 	80 	151 	238 	
3 	1 	92 	176 	
3 	2 	93 	161 	
3 	3 	94 	162 	
3 	4 	95 	163 	
3 	5 	96 	164 	
3 	6 	81 	165 	
3 	7 	82 	166 	
3 	8 	83 	167 	
3 	9 	84 	168 	
3 	10 	85 	169 	
3 	11 	86 	170 	
3 	12 	87 	171 	
3 	13 	88 	172 	
3 	14 	89 	173 	
3 	15 	90 	174 	
3 	16 	91 	175 	
3 	17 	108 	192 	
3 	18 	109 	177 	
3 	19 	110 	178 	
3 	20 	111 	179 	
3 	21 	112 	180 	
3 	22 	97 	181 	
3 	23 	98 	182 	
3 	24 	99 	183 	
3 	25 	100 	184 	
3 	26 	101 	185 	
3 	27 	102 	186 	
3 	28 	103 	187 	
3 	29 	104 	188 	
3 	30 	105 	189 	
3 	31 	106 	190 	
3 	32 	107 	191 	
3 	33 	124 	208 	
3 	34 	125 	193 	
3 	35 	126 	194 	
3 	36 	127 	195 	
3 	37 	128 	196 	
3 	38 	113 	197 	
3 	39 	114 	198 	
3 	40 	115 	199 	
3 	41 	116 	200 	
3 	42 	117 	201 	
3 	43 	118 	202 	
3 	44 	119 	203 	
3 	45 	120 	204 	
3 	46 	121 	205 	
3 	47 	122 	206 	
3 	48 	123 	207 	
3 	49 	140 	224 	
3 	50 	141 	209 	
3 	51 	142 	210 	
3 	52 	143 	211 	
3 	53 	144 	212 	
3 	54 	129 	213 	
3 	55 	130 	214 	
3 	56 	131 	215 	
3 	57 	132 	216 	
3 	58 	133 	217 	
3 	59 	134 	218 	
3 	60 	135 	219 	
3 	61 	136 	220 	
3 	62 	137 	221 	
3 	63 	138 	222 	
3 	64 	139 	223 	
3 	65 	156 	240 	
3 	66 	157 	225 	
3 	67 	158 	226 	
3 	68 	159 	227 	
3 	69 	160 	228 	
3 	70 	145 	229 	
3 	71 	146 	230 	
3 	72 	147 	231 	
3 	73 	148 	232 	
3 	74 	149 	233 	
3 	75 	150 	234 	
3 	76 	151 	235 	
3 	77 	152 	236 	
3 	78 	153 	237 	
3 	79 	154 	238 	
3 	80 	155 	239 	
5 	1 	17 	33 	49 	65 	
5 	2 	18 	34 	50 	66 	
5 	3 	19 	35 	51 	67 	
5 	4 	20 	36 	52 	68 	
5 	5 	21 	37 	53 	69 	
5 	6 	22 	38 	54 	70 	
5 	7 	23 	39 	55 	71 	
5 	8 	24 	40 	56 	72 	
5 	9 	25 	41 	57 	73 	
5 	10 	26 	42 	58 	74 	
5 	11 	27 	43 	59 	75 	
5 	12 	28 	44 	60 	76 	
5 	13 	29 	45 	61 	77 	
5 	14 	30 	46 	62 	78 	
5 	15 	31 	47 	63 	79 	
5 	16 	32 	48 	64 	80 	
5 	1 	31 	45 	58 	70 	
5 	2 	32 	46 	59 	71 	
5 	3 	17 	47 	60 	72 	
5 	4 	18 	48 	61 	73 	
5 	5 	19 	33 	62 	74 	
5 	6 	20 	34 	63 	75 	
5 	7 	21 	35 	64 	76 	
5 	8 	22 	36 	49 	77 	
5 	9 	23 	37 	50 	78 	
5 	10 	24 	38 	51 	79 	
5 	11 	25 	39 	52 	80 	
5 	12 	26 	40 	53 	65 	
5 	13 	27 	41 	54 	66 	
5 	14 	28 	42 	55 	67 	
5 	15 	29 	43 	56 	68 	
5 	16 	30 	44 	57 	69 	
5 	1 	30 	39 	51 	66 	
5 	2 	31 	40 	52 	67 	
5 	3 	32 	41 	53 	68 	
5 	4 	17 	42 	54 	69 	
5 	5 	18 	43 	55 	70 	
5 	6 	19 	44 	56 	71 	
5 	7 	20 	45 	57 	72 	
5 	8 	21 	46 	58 	73 	
5 	9 	22 	47 	59 	74 	
5 	10 	23 	48 	60 	75 	
5 	11 	24 	33 	61 	76 	
5 	12 	25 	34 	62 	77 	
5 	13 	26 	35 	63 	78 	
5 	14 	27 	36 	64 	79 	
5 	15 	28 	37 	49 	80 	
5 	16 	29 	38 	50 	65 	
5 	81 	97 	113 	129 	145 	
5 	82 	98 	114 	130 	146 	
5 	83 	99 	115 	131 	147 	
5 	84 	100 	116 	132 	148 	
5 	85 	101 	117 	133 	149 	
5 	86 	102 	118 	134 	150 	
5 	87 	103 	119 	135 	151 	
5 	88 	104 	120 	136 	152 	
5 	89 	105 	121 	137 	153 	
5 	90 	106 	122 	138 	154 	
5 	91 	107 	123 	139 	155 	
5 	92 	108 	124 	140 	156 	
5 	93 	109 	125 	141 	157 	
5 	94 	110 	126 	142 	158 	
5 	95 	111 	127 	143 	159 	
5 	96 	112 	128 	144 	160 	
5 	81 	111 	125 	138 	150 	
5 	82 	112 	126 	139 	151 	
5 	83 	97 	127 	140 	152 	
5 	84 	98 	128 	141 	153 	
5 	85 	99 	113 	142 	154 	
5 	86 	100 	114 	143 	155 	
5 	87 	101 	115 	144 	156 	
5 	88 	102 	116 	129 	157 	
5 	89 	103 	117 	130 	158 	
5 	90 	104 	118 	131 	159 	
5 	91 	105 	119 	132 	160 	
5 	92 	106 	120 	133 	145 	
5 	93 	107 	121 	134 	146 	
5 	94 	108 	122 	135 	147 	
5 	95 	109 	123 	136 	148 	
5 	96 	110 	124 	137 	149 	
5 	81 	110 	119 	131 	146 	
5 	82 	111 	120 	132 	147 	
5 	83 	112 	121 	133 	148 	
5 	84 	97 	122 	134 	149 	
5 	85 	98 	123 	135 	150 	
5 	86 	99 	124 	136 	151 	
5 	87 	100 	125 	137 	152 	
5 	88 	101 	126 	138 	153 	
5 	89 	102 	127 	139 	154 	
5 	90 	103 	128 	140 	155 	
5 	91 	104 	113 	141 	156 	
5 	92 	105 	114 	142 	157 	
5 	93 	106 	115 	143 	158 	
5 	94 	107 	116 	144 	159 	
5 	95 	108 	117 	129 	160 	
5 	96 	109 	118 	130 	145 	
5 	161 	177 	193 	209 	225 	
5 	162 	178 	194 	210 	226 	
5 	163 	179 	195 	211 	227 	
5 	164 	180 	196 	212 	228 	
5 	165 	181 	197 	213 	229 	
5 	166 	182 	198 	214 	230 	
5 	167 	183 	199 	215 	231 	
5 	168 	184 	200 	216 	232 	
5 	169 	185 	201 	217 	233 	
5 	170 	186 	202 	218 	234 	
5 	171 	187 	203 	219 	235 	
5 	172 	188 	204 	220 	236 	
5 	173 	189 	205 	221 	237 	
5 	174 	190 	206 	222 	238 	
5 	175 	191 	207 	223 	239 	
5 	176 	192 	208 	224 	240 	
5 	161 	191 	205 	218 	230 	
5 	162 	192 	206 	219 	231 	
5 	163 	177 	207 	220 	232 	
5 	164 	178 	208 	221 	233 	
5 	165 	179 	193 	222 	234 	
5 	166 	180 	194 	223 	235 	
5 	167 	181 	195 	224 	236 	
5 	168 	182 	196 	209 	237 	
5 	169 	183 	197 	210 	238 	
5 	170 	184 	198 	211 	239 	
5 	171 	185 	199 	212 	240 	
5 	172 	186 	200 	213 	225 	
5 	173 	187 	201 	214 	226 	
5 	174 	188 	202 	215 	227 	
5 	175 	189 	203 	216 	228 	
5 	176 	190 	204 	217 	229 	
5 	161 	190 	199 	211 	226 	
5 	162 	191 	200 	212 	227 	
5 	163 	192 	201 	213 	228 	
5 	164 	177 	202 	214 	229 	
5 	165 	178 	203 	215 	230 	
5 	166 	179 	204 	216 	231 	
5 	167 	180 	205 	217 	232 	
5 	168 	181 	206 	218 	233 	
5 	169 	182 	207 	219 	234 	
5 	170 	183 	208 	220 	235 	
5 	171 	184 	193 	221 	236 	
5 	172 	185 	194 	222 	237 	
5 	173 	186 	195 	223 	238 	
5 	174 	187 	196 	224 	239 	
5 	175 	188 	197 	209 	240 	
5 	176 	189 	198 	210 	225 	
8 	1 	81 	161 	241 	321 	401 	417 	433 	
8 	2 	82 	162 	242 	322 	402 	418 	434 	
8 	3 	83 	163 	243 	323 	403 	419 	435 	
8 	4 	84 	164 	244 	324 	404 	420 	436 	
8 	5 	85 	165 	245 	325 	405 	421 	437 	
8 	6 	86 	166 	246 	326 	406 	422 	438 	
8 	7 	87 	167 	247 	327 	407 	423 	439 	
8 	8 	88 	168 	248 	328 	408 	424 	440 	
8 	9 	89 	169 	249 	329 	409 	425 	441 	
8 	10 	90 	170 	250 	330 	410 	426 	442 	
8 	11 	91 	171 	251 	331 	411 	427 	443 	
8 	12 	92 	172 	252 	332 	412 	428 	444 	
8 	13 	93 	173 	253 	333 	413 	429 	445 	
8 	14 	94 	174 	254 	334 	414 	430 	446 	
8 	15 	95 	175 	255 	335 	415 	431 	447 	
8 	16 	96 	176 	256 	336 	416 	432 	448 	
8 	17 	97 	177 	257 	337 	401 	419 	436 	
8 	18 	98 	178 	258 	338 	402 	420 	437 	
8 	19 	99 	179 	259 	339 	403 	421 	438 	
8 	20 	100 	180 	260 	340 	404 	422 	439 	
8 	21 	101 	181 	261 	341 	405 	423 	440 	
8 	22 	102 	182 	262 	342 	406 	424 	441 	
8 	23 	103 	183 	263 	343 	407 	425 	442 	
8 	24 	104 	184 	264 	344 	408 	426 	443 	
8 	25 	105 	185 	265 	345 	409 	427 	444 	
8 	26 	106 	186 	266 	346 	410 	428 	445 	
8 	27 	107 	187 	267 	347 	411 	429 	446 	
8 	28 	108 	188 	268 	348 	412 	430 	447 	
8 	29 	109 	189 	269 	349 	413 	431 	448 	
8 	30 	110 	190 	270 	350 	414 	432 	433 	
8 	31 	111 	191 	271 	351 	415 	417 	434 	
8 	32 	112 	192 	272 	352 	416 	418 	435 	
8 	33 	113 	193 	273 	353 	401 	421 	443 	
8 	34 	114 	194 	274 	354 	402 	422 	444 	
8 	35 	115 	195 	275 	355 	403 	423 	445 	
8 	36 	116 	196 	276 	356 	404 	424 	446 	
8 	37 	117 	197 	277 	357 	405 	425 	447 	
8 	38 	118 	198 	278 	358 	406 	426 	448 	
8 	39 	119 	199 	279 	359 	407 	427 	433 	
8 	40 	120 	200 	280 	360 	408 	428 	434 	
8 	41 	121 	201 	281 	361 	409 	429 	435 	
8 	42 	122 	202 	282 	362 	410 	430 	436 	
8 	43 	123 	203 	283 	363 	411 	431 	437 	
8 	44 	124 	204 	284 	364 	412 	432 	438 	
8 	45 	125 	205 	285 	365 	413 	417 	439 	
8 	46 	126 	206 	286 	366 	414 	418 	440 	
8 	47 	127 	207 	287 	367 	415 	419 	441 	
8 	48 	128 	208 	288 	368 	416 	420 	442 	
8 	49 	129 	209 	289 	369 	401 	424 	447 	
8 	50 	130 	210 	290 	370 	402 	425 	448 	
8 	51 	131 	211 	291 	371 	403 	426 	433 	
8 	52 	132 	212 	292 	372 	404 	427 	434 	
8 	53 	133 	213 	293 	373 	405 	428 	435 	
8 	54 	134 	214 	294 	374 	406 	429 	436 	
8 	55 	135 	215 	295 	375 	407 	430 	437 	
8 	56 	136 	216 	296 	376 	408 	431 	438 	
8 	57 	137 	217 	297 	377 	409 	432 	439 	
8 	58 	138 	218 	298 	378 	410 	417 	440 	
8 	59 	139 	219 	299 	379 	411 	418 	441 	
8 	60 	140 	220 	300 	380 	412 	419 	442 	
8 	61 	141 	221 	301 	381 	413 	420 	443 	
8 	62 	142 	222 	302 	382 	414 	421 	444 	
8 	63 	143 	223 	303 	383 	415 	422 	445 	
8 	64 	144 	224 	304 	384 	416 	423 	446 	
8 	65 	145 	225 	305 	385 	401 	428 	448 	
8 	66 	146 	226 	306 	386 	402 	429 	433 	
8 	67 	147 	227 	307 	387 	403 	430 	434 	
8 	68 	148 	228 	308 	388 	404 	431 	435 	
8 	69 	149 	229 	309 	389 	405 	432 	436 	
8 	70 	150 	230 	310 	390 	406 	417 	437 	
8 	71 	151 	231 	311 	391 	407 	418 	438 	
8 	72 	152 	232 	312 	392 	408 	419 	439 	
8 	73 	153 	233 	313 	393 	409 	420 	440 	
8 	74 	154 	234 	314 	394 	410 	421 	441 	
8 	75 	155 	235 	315 	395 	411 	422 	442 	
8 	76 	156 	236 	316 	396 	412 	423 	443 	
8 	77 	157 	237 	317 	397 	413 	424 	444 	
8 	78 	158 	238 	318 	398 	414 	425 	445 	
8 	79 	159 	239 	319 	399 	415 	426 	446 	
8 	80 	160 	240 	320 	400 	416 	427 	447 	
8 	1 	95 	173 	250 	326 	449 	465 	481 	
8 	2 	96 	174 	251 	327 	450 	466 	482 	
8 	3 	81 	175 	252 	328 	451 	467 	483 	
8 	4 	82 	176 	253 	329 	452 	468 	484 	
8 	5 	83 	161 	254 	330 	453 	469 	485 	
8 	6 	84 	162 	255 	331 	454 	470 	486 	
8 	7 	85 	163 	256 	332 	455 	471 	487 	
8 	8 	86 	164 	241 	333 	456 	472 	488 	
8 	9 	87 	165 	242 	334 	457 	473 	489 	
8 	10 	88 	166 	243 	335 	458 	474 	490 	
8 	11 	89 	167 	244 	336 	459 	475 	491 	
8 	12 	90 	168 	245 	321 	460 	476 	492 	
8 	13 	91 	169 	246 	322 	461 	477 	493 	
8 	14 	92 	170 	247 	323 	462 	478 	494 	
8 	15 	93 	171 	248 	324 	463 	479 	495 	
8 	16 	94 	172 	249 	325 	464 	480 	496 	
8 	17 	111 	189 	266 	342 	449 	467 	484 	
8 	18 	112 	190 	267 	343 	450 	468 	485 	
8 	19 	97 	191 	268 	344 	451 	469 	486 	
8 	20 	98 	192 	269 	345 	452 	470 	487 	
8 	21 	99 	177 	270 	346 	453 	471 	488 	
8 	22 	100 	178 	271 	347 	454 	472 	489 	
8 	23 	101 	179 	272 	348 	455 	473 	490 	
8 	24 	102 	180 	257 	349 	456 	474 	491 	
8 	25 	103 	181 	258 	350 	457 	475 	492 	
8 	26 	104 	182 	259 	351 	458 	476 	493 	
8 	27 	105 	183 	260 	352 	459 	477 	494 	
8 	28 	106 	184 	261 	337 	460 	478 	495 	
8 	29 	107 	185 	262 	338 	461 	479 	496 	
8 	30 	108 	186 	263 	339 	462 	480 	481 	
8 	31 	109 	187 	264 	340 	463 	465 	482 	
8 	32 	110 	188 	265 	341 	464 	466 	483 	
8 	33 	127 	205 	282 	358 	449 	469 	491 	
8 	34 	128 	206 	283 	359 	450 	470 	492 	
8 	35 	113 	207 	284 	360 	451 	471 	493 	
8 	36 	114 	208 	285 	361 	452 	472 	494 	
8 	37 	115 	193 	286 	362 	453 	473 	495 	
8 	38 	116 	194 	287 	363 	454 	474 	496 	
8 	39 	117 	195 	288 	364 	455 	475 	481 	
8 	40 	118 	196 	273 	365 	456 	476 	482 	
8 	41 	119 	197 	274 	366 	457 	477 	483 	
8 	42 	120 	198 	275 	367 	458 	478 	484 	
8 	43 	121 	199 	276 	368 	459 	479 	485 	
8 	44 	122 	200 	277 	353 	460 	480 	486 	
8 	45 	123 	201 	278 	354 	461 	465 	487 	
8 	46 	124 	202 	279 	355 	462 	466 	488 	
8 	47 	125 	203 	280 	356 	463 	467 	489 	
8 	48 	126 	204 	281 	357 	464 	468 	490 	
8 	49 	143 	221 	298 	374 	449 	472 	495 	
8 	50 	144 	222 	299 	375 	450 	473 	496 	
8 	51 	129 	223 	300 	376 	451 	474 	481 	
8 	52 	130 	224 	301 	377 	452 	475 	482 	
8 	53 	131 	209 	302 	378 	453 	476 	483 	
8 	54 	132 	210 	303 	379 	454 	477 	484 	
8 	55 	133 	211 	304 	380 	455 	478 	485 	
8 	56 	134 	212 	289 	381 	456 	479 	486 	
8 	57 	135 	213 	290 	382 	457 	480 	487 	
8 	58 	136 	214 	291 	383 	458 	465 	488 	
8 	59 	137 	215 	292 	384 	459 	466 	489 	
8 	60 	138 	216 	293 	369 	460 	467 	490 	
8 	61 	139 	217 	294 	370 	461 	468 	491 	
8 	62 	140 	218 	295 	371 	462 	469 	492 	
8 	63 	141 	219 	296 	372 	463 	470 	493 	
8 	64 	142 	220 	297 	373 	464 	471 	494 	
8 	65 	159 	237 	314 	390 	449 	476 	496 	
8 	66 	160 	238 	315 	391 	450 	477 	481 	
8 	67 	145 	239 	316 	392 	451 	478 	482 	
8 	68 	146 	240 	317 	393 	452 	479 	483 	
8 	69 	147 	225 	318 	394 	453 	480 	484 	
8 	70 	148 	226 	319 	395 	454 	465 	485 	
8 	71 	149 	227 	320 	396 	455 	466 	486 	
8 	72 	150 	228 	305 	397 	456 	467 	487 	
8 	73 	151 	229 	306 	398 	457 	468 	488 	
8 	74 	152 	230 	307 	399 	458 	469 	489 	
8 	75 	153 	231 	308 	400 	459 	470 	490 	
8 	76 	154 	232 	309 	385 	460 	471 	491 	
8 	77 	155 	233 	310 	386 	461 	472 	492 	
8 	78 	156 	234 	311 	387 	462 	473 	493 	
8 	79 	157 	235 	312 	388 	463 	474 	494 	
8 	80 	158 	236 	313 	389 	464 	475 	495 	
8 	1 	94 	167 	243 	322 	497 	513 	529 	
8 	2 	95 	168 	244 	323 	498 	514 	530 	
8 	3 	96 	169 	245 	324 	499 	515 	531 	
8 	4 	81 	170 	246 	325 	500 	516 	532 	
8 	5 	82 	171 	247 	326 	501 	517 	533 	
8 	6 	83 	172 	248 	327 	502 	518 	534 	
8 	7 	84 	173 	249 	328 	503 	519 	535 	
8 	8 	85 	174 	250 	329 	504 	520 	536 	
8 	9 	86 	175 	251 	330 	505 	521 	537 	
8 	10 	87 	176 	252 	331 	506 	522 	538 	
8 	11 	88 	161 	253 	332 	507 	523 	539 	
8 	12 	89 	162 	254 	333 	508 	524 	540 	
8 	13 	90 	163 	255 	334 	509 	525 	541 	
8 	14 	91 	164 	256 	335 	510 	526 	542 	
8 	15 	92 	165 	241 	336 	511 	527 	543 	
8 	16 	93 	166 	242 	321 	512 	528 	544 	
8 	17 	110 	183 	259 	338 	497 	515 	532 	
8 	18 	111 	184 	260 	339 	498 	516 	533 	
8 	19 	112 	185 	261 	340 	499 	517 	534 	
8 	20 	97 	186 	262 	341 	500 	518 	535 	
8 	21 	98 	187 	263 	342 	501 	519 	536 	
8 	22 	99 	188 	264 	343 	502 	520 	537 	
8 	23 	100 	189 	265 	344 	503 	521 	538 	
8 	24 	101 	190 	266 	345 	504 	522 	539 	
8 	25 	102 	191 	267 	346 	505 	523 	540 	
8 	26 	103 	192 	268 	347 	506 	524 	541 	
8 	27 	104 	177 	269 	348 	507 	525 	542 	
8 	28 	105 	178 	270 	349 	508 	526 	543 	
8 	29 	106 	179 	271 	350 	509 	527 	544 	
8 	30 	107 	180 	272 	351 	510 	528 	529 	
8 	31 	108 	181 	257 	352 	511 	513 	530 	
8 	32 	109 	182 	258 	337 	512 	514 	531 	
8 	33 	126 	199 	275 	354 	497 	517 	539 	
8 	34 	127 	200 	276 	355 	498 	518 	540 	
8 	35 	128 	201 	277 	356 	499 	519 	541 	
8 	36 	113 	202 	278 	357 	500 	520 	542 	
8 	37 	114 	203 	279 	358 	501 	521 	543 	
8 	38 	115 	204 	280 	359 	502 	522 	544 	
8 	39 	116 	205 	281 	360 	503 	523 	529 	
8 	40 	117 	206 	282 	361 	504 	524 	530 	
8 	41 	118 	207 	283 	362 	505 	525 	531 	
8 	42 	119 	208 	284 	363 	506 	526 	532 	
8 	43 	120 	193 	285 	364 	507 	527 	533 	
8 	44 	121 	194 	286 	365 	508 	528 	534 	
8 	45 	122 	195 	287 	366 	509 	513 	535 	
8 	46 	123 	196 	288 	367 	510 	514 	536 	
8 	47 	124 	197 	273 	368 	511 	515 	537 	
8 	48 	125 	198 	274 	353 	512 	516 	538 	
8 	49 	142 	215 	291 	370 	497 	520 	543 	
8 	50 	143 	216 	292 	371 	498 	521 	544 	
8 	51 	144 	217 	293 	372 	499 	522 	529 	
8 	52 	129 	218 	294 	373 	500 	523 	530 	
8 	53 	130 	219 	295 	374 	501 	524 	531 	
8 	54 	131 	220 	296 	375 	502 	525 	532 	
8 	55 	132 	221 	297 	376 	503 	526 	533 	
8 	56 	133 	222 	298 	377 	504 	527 	534 	
8 	57 	134 	223 	299 	378 	505 	528 	535 	
8 	58 	135 	224 	300 	379 	506 	513 	536 	
8 	59 	136 	209 	301 	380 	507 	514 	537 	
8 	60 	137 	210 	302 	381 	508 	515 	538 	
8 	61 	138 	211 	303 	382 	509 	516 	539 	
8 	62 	139 	212 	304 	383 	510 	517 	540 	
8 	63 	140 	213 	289 	384 	511 	518 	541 	
8 	64 	141 	214 	290 	369 	512 	519 	542 	
8 	65 	158 	231 	307 	386 	497 	524 	544 	
8 	66 	159 	232 	308 	387 	498 	525 	529 	
8 	67 	160 	233 	309 	388 	499 	526 	530 	
8 	68 	145 	234 	310 	389 	500 	527 	531 	
8 	69 	146 	235 	311 	390 	501 	528 	532 	
8 	70 	147 	236 	312 	391 	502 	513 	533 	
8 	71 	148 	237 	313 	392 	503 	514 	534 	
8 	72 	149 	238 	314 	393 	504 	515 	535 	
8 	73 	150 	239 	315 	394 	505 	516 	536 	
8 	74 	151 	240 	316 	395 	506 	517 	537 	
8 	75 	152 	225 	317 	396 	507 	518 	538 	
8 	76 	153 	226 	318 	397 	508 	519 	539 	
8 	77 	154 	227 	319 	398 	509 	520 	540 	
8 	78 	155 	228 	320 	399 	510 	521 	541 	
8 	79 	156 	229 	305 	400 	511 	522 	542 	
8 	80 	157 	230 	306 	385 	512 	523 	543 	
