1428 	 630 
3 	1 	211 	421 	
3 	2 	212 	422 	
3 	3 	213 	423 	
3 	4 	214 	424 	
3 	5 	215 	425 	
3 	6 	216 	426 	
3 	7 	217 	427 	
3 	8 	218 	428 	
3 	9 	219 	429 	
3 	10 	220 	430 	
3 	11 	221 	431 	
3 	12 	222 	432 	
3 	13 	223 	433 	
3 	14 	224 	434 	
3 	15 	225 	435 	
3 	16 	226 	436 	
3 	17 	227 	437 	
3 	18 	228 	438 	
3 	19 	229 	439 	
3 	20 	230 	440 	
3 	21 	231 	441 	
3 	22 	232 	442 	
3 	23 	233 	443 	
3 	24 	234 	444 	
3 	25 	235 	445 	
3 	26 	236 	446 	
3 	27 	237 	447 	
3 	28 	238 	448 	
3 	29 	239 	449 	
3 	30 	240 	450 	
3 	31 	241 	451 	
3 	32 	242 	452 	
3 	33 	243 	453 	
3 	34 	244 	454 	
3 	35 	245 	455 	
3 	36 	246 	456 	
3 	37 	247 	457 	
3 	38 	248 	458 	
3 	39 	249 	459 	
3 	40 	250 	460 	
3 	41 	251 	461 	
3 	42 	252 	462 	
3 	43 	253 	463 	
3 	44 	254 	464 	
3 	45 	255 	465 	
3 	46 	256 	466 	
3 	47 	257 	467 	
3 	48 	258 	468 	
3 	49 	259 	469 	
3 	50 	260 	470 	
3 	51 	261 	471 	
3 	52 	262 	472 	
3 	53 	263 	473 	
3 	54 	264 	474 	
3 	55 	265 	475 	
3 	56 	266 	476 	
3 	57 	267 	477 	
3 	58 	268 	478 	
3 	59 	269 	479 	
3 	60 	270 	480 	
3 	61 	271 	481 	
3 	62 	272 	482 	
3 	63 	273 	483 	
3 	64 	274 	484 	
3 	65 	275 	485 	
3 	66 	276 	486 	
3 	67 	277 	487 	
3 	68 	278 	488 	
3 	69 	279 	489 	
3 	70 	280 	490 	
3 	71 	281 	491 	
3 	72 	282 	492 	
3 	73 	283 	493 	
3 	74 	284 	494 	
3 	75 	285 	495 	
3 	76 	286 	496 	
3 	77 	287 	497 	
3 	78 	288 	498 	
3 	79 	289 	499 	
3 	80 	290 	500 	
3 	81 	291 	501 	
3 	82 	292 	502 	
3 	83 	293 	503 	
3 	84 	294 	504 	
3 	85 	295 	505 	
3 	86 	296 	506 	
3 	87 	297 	507 	
3 	88 	298 	508 	
3 	89 	299 	509 	
3 	90 	300 	510 	
3 	91 	301 	511 	
3 	92 	302 	512 	
3 	93 	303 	513 	
3 	94 	304 	514 	
3 	95 	305 	515 	
3 	96 	306 	516 	
3 	97 	307 	517 	
3 	98 	308 	518 	
3 	99 	309 	519 	
3 	100 	310 	520 	
3 	101 	311 	521 	
3 	102 	312 	522 	
3 	103 	313 	523 	
3 	104 	314 	524 	
3 	105 	315 	525 	
3 	106 	316 	526 	
3 	107 	317 	527 	
3 	108 	318 	528 	
3 	109 	319 	529 	
3 	110 	320 	530 	
3 	111 	321 	531 	
3 	112 	322 	532 	
3 	113 	323 	533 	
3 	114 	324 	534 	
3 	115 	325 	535 	
3 	116 	326 	536 	
3 	117 	327 	537 	
3 	118 	328 	538 	
3 	119 	329 	539 	
3 	120 	330 	540 	
3 	121 	331 	541 	
3 	122 	332 	542 	
3 	123 	333 	543 	
3 	124 	334 	544 	
3 	125 	335 	545 	
3 	126 	336 	546 	
3 	127 	337 	547 	
3 	128 	338 	548 	
3 	129 	339 	549 	
3 	130 	340 	550 	
3 	131 	341 	551 	
3 	132 	342 	552 	
3 	133 	343 	553 	
3 	134 	344 	554 	
3 	135 	345 	555 	
3 	136 	346 	556 	
3 	137 	347 	557 	
3 	138 	348 	558 	
3 	139 	349 	559 	
3 	140 	350 	560 	
3 	141 	351 	561 	
3 	142 	352 	562 	
3 	143 	353 	563 	
3 	144 	354 	564 	
3 	145 	355 	565 	
3 	146 	356 	566 	
3 	147 	357 	567 	
3 	148 	358 	568 	
3 	149 	359 	569 	
3 	150 	360 	570 	
3 	151 	361 	571 	
3 	152 	362 	572 	
3 	153 	363 	573 	
3 	154 	364 	574 	
3 	155 	365 	575 	
3 	156 	366 	576 	
3 	157 	367 	577 	
3 	158 	368 	578 	
3 	159 	369 	579 	
3 	160 	370 	580 	
3 	161 	371 	581 	
3 	162 	372 	582 	
3 	163 	373 	583 	
3 	164 	374 	584 	
3 	165 	375 	585 	
3 	166 	376 	586 	
3 	167 	377 	587 	
3 	168 	378 	588 	
3 	169 	379 	589 	
3 	170 	380 	590 	
3 	171 	381 	591 	
3 	172 	382 	592 	
3 	173 	383 	593 	
3 	174 	384 	594 	
3 	175 	385 	595 	
3 	176 	386 	596 	
3 	177 	387 	597 	
3 	178 	388 	598 	
3 	179 	389 	599 	
3 	180 	390 	600 	
3 	181 	391 	601 	
3 	182 	392 	602 	
3 	183 	393 	603 	
3 	184 	394 	604 	
3 	185 	395 	605 	
3 	186 	396 	606 	
3 	187 	397 	607 	
3 	188 	398 	608 	
3 	189 	399 	609 	
3 	190 	400 	610 	
3 	191 	401 	611 	
3 	192 	402 	612 	
3 	193 	403 	613 	
3 	194 	404 	614 	
3 	195 	405 	615 	
3 	196 	406 	616 	
3 	197 	407 	617 	
3 	198 	408 	618 	
3 	199 	409 	619 	
3 	200 	410 	620 	
3 	201 	411 	621 	
3 	202 	412 	622 	
3 	203 	413 	623 	
3 	204 	414 	624 	
3 	205 	415 	625 	
3 	206 	416 	626 	
3 	207 	417 	627 	
3 	208 	418 	628 	
3 	209 	419 	629 	
3 	210 	420 	630 	
3 	1 	217 	461 	
3 	2 	218 	462 	
3 	3 	219 	421 	
3 	4 	220 	422 	
3 	5 	221 	423 	
3 	6 	222 	424 	
3 	7 	223 	425 	
3 	8 	224 	426 	
3 	9 	225 	427 	
3 	10 	226 	428 	
3 	11 	227 	429 	
3 	12 	228 	430 	
3 	13 	229 	431 	
3 	14 	230 	432 	
3 	15 	231 	433 	
3 	16 	232 	434 	
3 	17 	233 	435 	
3 	18 	234 	436 	
3 	19 	235 	437 	
3 	20 	236 	438 	
3 	21 	237 	439 	
3 	22 	238 	440 	
3 	23 	239 	441 	
3 	24 	240 	442 	
3 	25 	241 	443 	
3 	26 	242 	444 	
3 	27 	243 	445 	
3 	28 	244 	446 	
3 	29 	245 	447 	
3 	30 	246 	448 	
3 	31 	247 	449 	
3 	32 	248 	450 	
3 	33 	249 	451 	
3 	34 	250 	452 	
3 	35 	251 	453 	
3 	36 	252 	454 	
3 	37 	211 	455 	
3 	38 	212 	456 	
3 	39 	213 	457 	
3 	40 	214 	458 	
3 	41 	215 	459 	
3 	42 	216 	460 	
3 	43 	259 	503 	
3 	44 	260 	504 	
3 	45 	261 	463 	
3 	46 	262 	464 	
3 	47 	263 	465 	
3 	48 	264 	466 	
3 	49 	265 	467 	
3 	50 	266 	468 	
3 	51 	267 	469 	
3 	52 	268 	470 	
3 	53 	269 	471 	
3 	54 	270 	472 	
3 	55 	271 	473 	
3 	56 	272 	474 	
3 	57 	273 	475 	
3 	58 	274 	476 	
3 	59 	275 	477 	
3 	60 	276 	478 	
3 	61 	277 	479 	
3 	62 	278 	480 	
3 	63 	279 	481 	
3 	64 	280 	482 	
3 	65 	281 	483 	
3 	66 	282 	484 	
3 	67 	283 	485 	
3 	68 	284 	486 	
3 	69 	285 	487 	
3 	70 	286 	488 	
3 	71 	287 	489 	
3 	72 	288 	490 	
3 	73 	289 	491 	
3 	74 	290 	492 	
3 	75 	291 	493 	
3 	76 	292 	494 	
3 	77 	293 	495 	
3 	78 	294 	496 	
3 	79 	253 	497 	
3 	80 	254 	498 	
3 	81 	255 	499 	
3 	82 	256 	500 	
3 	83 	257 	501 	
3 	84 	258 	502 	
3 	85 	301 	545 	
3 	86 	302 	546 	
3 	87 	303 	505 	
3 	88 	304 	506 	
3 	89 	305 	507 	
3 	90 	306 	508 	
3 	91 	307 	509 	
3 	92 	308 	510 	
3 	93 	309 	511 	
3 	94 	310 	512 	
3 	95 	311 	513 	
3 	96 	312 	514 	
3 	97 	313 	515 	
3 	98 	314 	516 	
3 	99 	315 	517 	
3 	100 	316 	518 	
3 	101 	317 	519 	
3 	102 	318 	520 	
3 	103 	319 	521 	
3 	104 	320 	522 	
3 	105 	321 	523 	
3 	106 	322 	524 	
3 	107 	323 	525 	
3 	108 	324 	526 	
3 	109 	325 	527 	
3 	110 	326 	528 	
3 	111 	327 	529 	
3 	112 	328 	530 	
3 	113 	329 	531 	
3 	114 	330 	532 	
3 	115 	331 	533 	
3 	116 	332 	534 	
3 	117 	333 	535 	
3 	118 	334 	536 	
3 	119 	335 	537 	
3 	120 	336 	538 	
3 	121 	295 	539 	
3 	122 	296 	540 	
3 	123 	297 	541 	
3 	124 	298 	542 	
3 	125 	299 	543 	
3 	126 	300 	544 	
3 	127 	343 	587 	
3 	128 	344 	588 	
3 	129 	345 	547 	
3 	130 	346 	548 	
3 	131 	347 	549 	
3 	132 	348 	550 	
3 	133 	349 	551 	
3 	134 	350 	552 	
3 	135 	351 	553 	
3 	136 	352 	554 	
3 	137 	353 	555 	
3 	138 	354 	556 	
3 	139 	355 	557 	
3 	140 	356 	558 	
3 	141 	357 	559 	
3 	142 	358 	560 	
3 	143 	359 	561 	
3 	144 	360 	562 	
3 	145 	361 	563 	
3 	146 	362 	564 	
3 	147 	363 	565 	
3 	148 	364 	566 	
3 	149 	365 	567 	
3 	150 	366 	568 	
3 	151 	367 	569 	
3 	152 	368 	570 	
3 	153 	369 	571 	
3 	154 	370 	572 	
3 	155 	371 	573 	
3 	156 	372 	574 	
3 	157 	373 	575 	
3 	158 	374 	576 	
3 	159 	375 	577 	
3 	160 	376 	578 	
3 	161 	377 	579 	
3 	162 	378 	580 	
3 	163 	337 	581 	
3 	164 	338 	582 	
3 	165 	339 	583 	
3 	166 	340 	584 	
3 	167 	341 	585 	
3 	168 	342 	586 	
3 	169 	385 	629 	
3 	170 	386 	630 	
3 	171 	387 	589 	
3 	172 	388 	590 	
3 	173 	389 	591 	
3 	174 	390 	592 	
3 	175 	391 	593 	
3 	176 	392 	594 	
3 	177 	393 	595 	
3 	178 	394 	596 	
3 	179 	395 	597 	
3 	180 	396 	598 	
3 	181 	397 	599 	
3 	182 	398 	600 	
3 	183 	399 	601 	
3 	184 	400 	602 	
3 	185 	401 	603 	
3 	186 	402 	604 	
3 	187 	403 	605 	
3 	188 	404 	606 	
3 	189 	405 	607 	
3 	190 	406 	608 	
3 	191 	407 	609 	
3 	192 	408 	610 	
3 	193 	409 	611 	
3 	194 	410 	612 	
3 	195 	411 	613 	
3 	196 	412 	614 	
3 	197 	413 	615 	
3 	198 	414 	616 	
3 	199 	415 	617 	
3 	200 	416 	618 	
3 	201 	417 	619 	
3 	202 	418 	620 	
3 	203 	419 	621 	
3 	204 	420 	622 	
3 	205 	379 	623 	
3 	206 	380 	624 	
3 	207 	381 	625 	
3 	208 	382 	626 	
3 	209 	383 	627 	
3 	210 	384 	628 	
3 	1 	218 	436 	
3 	2 	219 	437 	
3 	3 	220 	438 	
3 	4 	221 	439 	
3 	5 	222 	440 	
3 	6 	223 	441 	
3 	7 	224 	442 	
3 	8 	225 	443 	
3 	9 	226 	444 	
3 	10 	227 	445 	
3 	11 	228 	446 	
3 	12 	229 	447 	
3 	13 	230 	448 	
3 	14 	231 	449 	
3 	15 	232 	450 	
3 	16 	233 	451 	
3 	17 	234 	452 	
3 	18 	235 	453 	
3 	19 	236 	454 	
3 	20 	237 	455 	
3 	21 	238 	456 	
3 	22 	239 	457 	
3 	23 	240 	458 	
3 	24 	241 	459 	
3 	25 	242 	460 	
3 	26 	243 	461 	
3 	27 	244 	462 	
3 	28 	245 	421 	
3 	29 	246 	422 	
3 	30 	247 	423 	
3 	31 	248 	424 	
3 	32 	249 	425 	
3 	33 	250 	426 	
3 	34 	251 	427 	
3 	35 	252 	428 	
3 	36 	211 	429 	
3 	37 	212 	430 	
3 	38 	213 	431 	
3 	39 	214 	432 	
3 	40 	215 	433 	
3 	41 	216 	434 	
3 	42 	217 	435 	
3 	43 	260 	478 	
3 	44 	261 	479 	
3 	45 	262 	480 	
3 	46 	263 	481 	
3 	47 	264 	482 	
3 	48 	265 	483 	
3 	49 	266 	484 	
3 	50 	267 	485 	
3 	51 	268 	486 	
3 	52 	269 	487 	
3 	53 	270 	488 	
3 	54 	271 	489 	
3 	55 	272 	490 	
3 	56 	273 	491 	
3 	57 	274 	492 	
3 	58 	275 	493 	
3 	59 	276 	494 	
3 	60 	277 	495 	
3 	61 	278 	496 	
3 	62 	279 	497 	
3 	63 	280 	498 	
3 	64 	281 	499 	
3 	65 	282 	500 	
3 	66 	283 	501 	
3 	67 	284 	502 	
3 	68 	285 	503 	
3 	69 	286 	504 	
3 	70 	287 	463 	
3 	71 	288 	464 	
3 	72 	289 	465 	
3 	73 	290 	466 	
3 	74 	291 	467 	
3 	75 	292 	468 	
3 	76 	293 	469 	
3 	77 	294 	470 	
3 	78 	253 	471 	
3 	79 	254 	472 	
3 	80 	255 	473 	
3 	81 	256 	474 	
3 	82 	257 	475 	
3 	83 	258 	476 	
3 	84 	259 	477 	
3 	85 	302 	520 	
3 	86 	303 	521 	
3 	87 	304 	522 	
3 	88 	305 	523 	
3 	89 	306 	524 	
3 	90 	307 	525 	
3 	91 	308 	526 	
3 	92 	309 	527 	
3 	93 	310 	528 	
3 	94 	311 	529 	
3 	95 	312 	530 	
3 	96 	313 	531 	
3 	97 	314 	532 	
3 	98 	315 	533 	
3 	99 	316 	534 	
3 	100 	317 	535 	
3 	101 	318 	536 	
3 	102 	319 	537 	
3 	103 	320 	538 	
3 	104 	321 	539 	
3 	105 	322 	540 	
3 	106 	323 	541 	
3 	107 	324 	542 	
3 	108 	325 	543 	
3 	109 	326 	544 	
3 	110 	327 	545 	
3 	111 	328 	546 	
3 	112 	329 	505 	
3 	113 	330 	506 	
3 	114 	331 	507 	
3 	115 	332 	508 	
3 	116 	333 	509 	
3 	117 	334 	510 	
3 	118 	335 	511 	
3 	119 	336 	512 	
3 	120 	295 	513 	
3 	121 	296 	514 	
3 	122 	297 	515 	
3 	123 	298 	516 	
3 	124 	299 	517 	
3 	125 	300 	518 	
3 	126 	301 	519 	
3 	127 	344 	562 	
3 	128 	345 	563 	
3 	129 	346 	564 	
3 	130 	347 	565 	
3 	131 	348 	566 	
3 	132 	349 	567 	
3 	133 	350 	568 	
3 	134 	351 	569 	
3 	135 	352 	570 	
3 	136 	353 	571 	
3 	137 	354 	572 	
3 	138 	355 	573 	
3 	139 	356 	574 	
3 	140 	357 	575 	
3 	141 	358 	576 	
3 	142 	359 	577 	
3 	143 	360 	578 	
3 	144 	361 	579 	
3 	145 	362 	580 	
3 	146 	363 	581 	
3 	147 	364 	582 	
3 	148 	365 	583 	
3 	149 	366 	584 	
3 	150 	367 	585 	
3 	151 	368 	586 	
3 	152 	369 	587 	
3 	153 	370 	588 	
3 	154 	371 	547 	
3 	155 	372 	548 	
3 	156 	373 	549 	
3 	157 	374 	550 	
3 	158 	375 	551 	
3 	159 	376 	552 	
3 	160 	377 	553 	
3 	161 	378 	554 	
3 	162 	337 	555 	
3 	163 	338 	556 	
3 	164 	339 	557 	
3 	165 	340 	558 	
3 	166 	341 	559 	
3 	167 	342 	560 	
3 	168 	343 	561 	
3 	169 	386 	604 	
3 	170 	387 	605 	
3 	171 	388 	606 	
3 	172 	389 	607 	
3 	173 	390 	608 	
3 	174 	391 	609 	
3 	175 	392 	610 	
3 	176 	393 	611 	
3 	177 	394 	612 	
3 	178 	395 	613 	
3 	179 	396 	614 	
3 	180 	397 	615 	
3 	181 	398 	616 	
3 	182 	399 	617 	
3 	183 	400 	618 	
3 	184 	401 	619 	
3 	185 	402 	620 	
3 	186 	403 	621 	
3 	187 	404 	622 	
3 	188 	405 	623 	
3 	189 	406 	624 	
3 	190 	407 	625 	
3 	191 	408 	626 	
3 	192 	409 	627 	
3 	193 	410 	628 	
3 	194 	411 	629 	
3 	195 	412 	630 	
3 	196 	413 	589 	
3 	197 	414 	590 	
3 	198 	415 	591 	
3 	199 	416 	592 	
3 	200 	417 	593 	
3 	201 	418 	594 	
3 	202 	419 	595 	
3 	203 	420 	596 	
3 	204 	379 	597 	
3 	205 	380 	598 	
3 	206 	381 	599 	
3 	207 	382 	600 	
3 	208 	383 	601 	
3 	209 	384 	602 	
3 	210 	385 	603 	
3 	1 	220 	452 	
3 	2 	221 	453 	
3 	3 	222 	454 	
3 	4 	223 	455 	
3 	5 	224 	456 	
3 	6 	225 	457 	
3 	7 	226 	458 	
3 	8 	227 	459 	
3 	9 	228 	460 	
3 	10 	229 	461 	
3 	11 	230 	462 	
3 	12 	231 	421 	
3 	13 	232 	422 	
3 	14 	233 	423 	
3 	15 	234 	424 	
3 	16 	235 	425 	
3 	17 	236 	426 	
3 	18 	237 	427 	
3 	19 	238 	428 	
3 	20 	239 	429 	
3 	21 	240 	430 	
3 	22 	241 	431 	
3 	23 	242 	432 	
3 	24 	243 	433 	
3 	25 	244 	434 	
3 	26 	245 	435 	
3 	27 	246 	436 	
3 	28 	247 	437 	
3 	29 	248 	438 	
3 	30 	249 	439 	
3 	31 	250 	440 	
3 	32 	251 	441 	
3 	33 	252 	442 	
3 	34 	211 	443 	
3 	35 	212 	444 	
3 	36 	213 	445 	
3 	37 	214 	446 	
3 	38 	215 	447 	
3 	39 	216 	448 	
3 	40 	217 	449 	
3 	41 	218 	450 	
3 	42 	219 	451 	
3 	43 	262 	494 	
3 	44 	263 	495 	
3 	45 	264 	496 	
3 	46 	265 	497 	
3 	47 	266 	498 	
3 	48 	267 	499 	
3 	49 	268 	500 	
3 	50 	269 	501 	
3 	51 	270 	502 	
3 	52 	271 	503 	
3 	53 	272 	504 	
3 	54 	273 	463 	
3 	55 	274 	464 	
3 	56 	275 	465 	
3 	57 	276 	466 	
3 	58 	277 	467 	
3 	59 	278 	468 	
3 	60 	279 	469 	
3 	61 	280 	470 	
3 	62 	281 	471 	
3 	63 	282 	472 	
3 	64 	283 	473 	
3 	65 	284 	474 	
3 	66 	285 	475 	
3 	67 	286 	476 	
3 	68 	287 	477 	
3 	69 	288 	478 	
3 	70 	289 	479 	
3 	71 	290 	480 	
3 	72 	291 	481 	
3 	73 	292 	482 	
3 	74 	293 	483 	
3 	75 	294 	484 	
3 	76 	253 	485 	
3 	77 	254 	486 	
3 	78 	255 	487 	
3 	79 	256 	488 	
3 	80 	257 	489 	
3 	81 	258 	490 	
3 	82 	259 	491 	
3 	83 	260 	492 	
3 	84 	261 	493 	
3 	85 	304 	536 	
3 	86 	305 	537 	
3 	87 	306 	538 	
3 	88 	307 	539 	
3 	89 	308 	540 	
3 	90 	309 	541 	
3 	91 	310 	542 	
3 	92 	311 	543 	
3 	93 	312 	544 	
3 	94 	313 	545 	
3 	95 	314 	546 	
3 	96 	315 	505 	
3 	97 	316 	506 	
3 	98 	317 	507 	
3 	99 	318 	508 	
3 	100 	319 	509 	
3 	101 	320 	510 	
3 	102 	321 	511 	
3 	103 	322 	512 	
3 	104 	323 	513 	
3 	105 	324 	514 	
3 	106 	325 	515 	
3 	107 	326 	516 	
3 	108 	327 	517 	
3 	109 	328 	518 	
3 	110 	329 	519 	
3 	111 	330 	520 	
3 	112 	331 	521 	
3 	113 	332 	522 	
3 	114 	333 	523 	
3 	115 	334 	524 	
3 	116 	335 	525 	
3 	117 	336 	526 	
3 	118 	295 	527 	
3 	119 	296 	528 	
3 	120 	297 	529 	
3 	121 	298 	530 	
3 	122 	299 	531 	
3 	123 	300 	532 	
3 	124 	301 	533 	
3 	125 	302 	534 	
3 	126 	303 	535 	
3 	127 	346 	578 	
3 	128 	347 	579 	
3 	129 	348 	580 	
3 	130 	349 	581 	
3 	131 	350 	582 	
3 	132 	351 	583 	
3 	133 	352 	584 	
3 	134 	353 	585 	
3 	135 	354 	586 	
3 	136 	355 	587 	
3 	137 	356 	588 	
3 	138 	357 	547 	
3 	139 	358 	548 	
3 	140 	359 	549 	
3 	141 	360 	550 	
3 	142 	361 	551 	
3 	143 	362 	552 	
3 	144 	363 	553 	
3 	145 	364 	554 	
3 	146 	365 	555 	
3 	147 	366 	556 	
3 	148 	367 	557 	
3 	149 	368 	558 	
3 	150 	369 	559 	
3 	151 	370 	560 	
3 	152 	371 	561 	
3 	153 	372 	562 	
3 	154 	373 	563 	
3 	155 	374 	564 	
3 	156 	375 	565 	
3 	157 	376 	566 	
3 	158 	377 	567 	
3 	159 	378 	568 	
3 	160 	337 	569 	
3 	161 	338 	570 	
3 	162 	339 	571 	
3 	163 	340 	572 	
3 	164 	341 	573 	
3 	165 	342 	574 	
3 	166 	343 	575 	
3 	167 	344 	576 	
3 	168 	345 	577 	
3 	169 	388 	620 	
3 	170 	389 	621 	
3 	171 	390 	622 	
3 	172 	391 	623 	
3 	173 	392 	624 	
3 	174 	393 	625 	
3 	175 	394 	626 	
3 	176 	395 	627 	
3 	177 	396 	628 	
3 	178 	397 	629 	
3 	179 	398 	630 	
3 	180 	399 	589 	
3 	181 	400 	590 	
3 	182 	401 	591 	
3 	183 	402 	592 	
3 	184 	403 	593 	
3 	185 	404 	594 	
3 	186 	405 	595 	
3 	187 	406 	596 	
3 	188 	407 	597 	
3 	189 	408 	598 	
3 	190 	409 	599 	
3 	191 	410 	600 	
3 	192 	411 	601 	
3 	193 	412 	602 	
3 	194 	413 	603 	
3 	195 	414 	604 	
3 	196 	415 	605 	
3 	197 	416 	606 	
3 	198 	417 	607 	
3 	199 	418 	608 	
3 	200 	419 	609 	
3 	201 	420 	610 	
3 	202 	379 	611 	
3 	203 	380 	612 	
3 	204 	381 	613 	
3 	205 	382 	614 	
3 	206 	383 	615 	
3 	207 	384 	616 	
3 	208 	385 	617 	
3 	209 	386 	618 	
3 	210 	387 	619 	
3 	1 	241 	456 	
3 	2 	242 	457 	
3 	3 	243 	458 	
3 	4 	244 	459 	
3 	5 	245 	460 	
3 	6 	246 	461 	
3 	7 	247 	462 	
3 	8 	248 	421 	
3 	9 	249 	422 	
3 	10 	250 	423 	
3 	11 	251 	424 	
3 	12 	252 	425 	
3 	13 	211 	426 	
3 	14 	212 	427 	
3 	15 	213 	428 	
3 	16 	214 	429 	
3 	17 	215 	430 	
3 	18 	216 	431 	
3 	19 	217 	432 	
3 	20 	218 	433 	
3 	21 	219 	434 	
3 	22 	220 	435 	
3 	23 	221 	436 	
3 	24 	222 	437 	
3 	25 	223 	438 	
3 	26 	224 	439 	
3 	27 	225 	440 	
3 	28 	226 	441 	
3 	29 	227 	442 	
3 	30 	228 	443 	
3 	31 	229 	444 	
3 	32 	230 	445 	
3 	33 	231 	446 	
3 	34 	232 	447 	
3 	35 	233 	448 	
3 	36 	234 	449 	
3 	37 	235 	450 	
3 	38 	236 	451 	
3 	39 	237 	452 	
3 	40 	238 	453 	
3 	41 	239 	454 	
3 	42 	240 	455 	
3 	43 	283 	498 	
3 	44 	284 	499 	
3 	45 	285 	500 	
3 	46 	286 	501 	
3 	47 	287 	502 	
3 	48 	288 	503 	
3 	49 	289 	504 	
3 	50 	290 	463 	
3 	51 	291 	464 	
3 	52 	292 	465 	
3 	53 	293 	466 	
3 	54 	294 	467 	
3 	55 	253 	468 	
3 	56 	254 	469 	
3 	57 	255 	470 	
3 	58 	256 	471 	
3 	59 	257 	472 	
3 	60 	258 	473 	
3 	61 	259 	474 	
3 	62 	260 	475 	
3 	63 	261 	476 	
3 	64 	262 	477 	
3 	65 	263 	478 	
3 	66 	264 	479 	
3 	67 	265 	480 	
3 	68 	266 	481 	
3 	69 	267 	482 	
3 	70 	268 	483 	
3 	71 	269 	484 	
3 	72 	270 	485 	
3 	73 	271 	486 	
3 	74 	272 	487 	
3 	75 	273 	488 	
3 	76 	274 	489 	
3 	77 	275 	490 	
3 	78 	276 	491 	
3 	79 	277 	492 	
3 	80 	278 	493 	
3 	81 	279 	494 	
3 	82 	280 	495 	
3 	83 	281 	496 	
3 	84 	282 	497 	
3 	85 	325 	540 	
3 	86 	326 	541 	
3 	87 	327 	542 	
3 	88 	328 	543 	
3 	89 	329 	544 	
3 	90 	330 	545 	
3 	91 	331 	546 	
3 	92 	332 	505 	
3 	93 	333 	506 	
3 	94 	334 	507 	
3 	95 	335 	508 	
3 	96 	336 	509 	
3 	97 	295 	510 	
3 	98 	296 	511 	
3 	99 	297 	512 	
3 	100 	298 	513 	
3 	101 	299 	514 	
3 	102 	300 	515 	
3 	103 	301 	516 	
3 	104 	302 	517 	
3 	105 	303 	518 	
3 	106 	304 	519 	
3 	107 	305 	520 	
3 	108 	306 	521 	
3 	109 	307 	522 	
3 	110 	308 	523 	
3 	111 	309 	524 	
3 	112 	310 	525 	
3 	113 	311 	526 	
3 	114 	312 	527 	
3 	115 	313 	528 	
3 	116 	314 	529 	
3 	117 	315 	530 	
3 	118 	316 	531 	
3 	119 	317 	532 	
3 	120 	318 	533 	
3 	121 	319 	534 	
3 	122 	320 	535 	
3 	123 	321 	536 	
3 	124 	322 	537 	
3 	125 	323 	538 	
3 	126 	324 	539 	
3 	127 	367 	582 	
3 	128 	368 	583 	
3 	129 	369 	584 	
3 	130 	370 	585 	
3 	131 	371 	586 	
3 	132 	372 	587 	
3 	133 	373 	588 	
3 	134 	374 	547 	
3 	135 	375 	548 	
3 	136 	376 	549 	
3 	137 	377 	550 	
3 	138 	378 	551 	
3 	139 	337 	552 	
3 	140 	338 	553 	
3 	141 	339 	554 	
3 	142 	340 	555 	
3 	143 	341 	556 	
3 	144 	342 	557 	
3 	145 	343 	558 	
3 	146 	344 	559 	
3 	147 	345 	560 	
3 	148 	346 	561 	
3 	149 	347 	562 	
3 	150 	348 	563 	
3 	151 	349 	564 	
3 	152 	350 	565 	
3 	153 	351 	566 	
3 	154 	352 	567 	
3 	155 	353 	568 	
3 	156 	354 	569 	
3 	157 	355 	570 	
3 	158 	356 	571 	
3 	159 	357 	572 	
3 	160 	358 	573 	
3 	161 	359 	574 	
3 	162 	360 	575 	
3 	163 	361 	576 	
3 	164 	362 	577 	
3 	165 	363 	578 	
3 	166 	364 	579 	
3 	167 	365 	580 	
3 	168 	366 	581 	
3 	169 	409 	624 	
3 	170 	410 	625 	
3 	171 	411 	626 	
3 	172 	412 	627 	
3 	173 	413 	628 	
3 	174 	414 	629 	
3 	175 	415 	630 	
3 	176 	416 	589 	
3 	177 	417 	590 	
3 	178 	418 	591 	
3 	179 	419 	592 	
3 	180 	420 	593 	
3 	181 	379 	594 	
3 	182 	380 	595 	
3 	183 	381 	596 	
3 	184 	382 	597 	
3 	185 	383 	598 	
3 	186 	384 	599 	
3 	187 	385 	600 	
3 	188 	386 	601 	
3 	189 	387 	602 	
3 	190 	388 	603 	
3 	191 	389 	604 	
3 	192 	390 	605 	
3 	193 	391 	606 	
3 	194 	392 	607 	
3 	195 	393 	608 	
3 	196 	394 	609 	
3 	197 	395 	610 	
3 	198 	396 	611 	
3 	199 	397 	612 	
3 	200 	398 	613 	
3 	201 	399 	614 	
3 	202 	400 	615 	
3 	203 	401 	616 	
3 	204 	402 	617 	
3 	205 	403 	618 	
3 	206 	404 	619 	
3 	207 	405 	620 	
3 	208 	406 	621 	
3 	209 	407 	622 	
3 	210 	408 	623 	
5 	1 	43 	85 	127 	169 	
5 	2 	44 	86 	128 	170 	
5 	3 	45 	87 	129 	171 	
5 	4 	46 	88 	130 	172 	
5 	5 	47 	89 	131 	173 	
5 	6 	48 	90 	132 	174 	
5 	7 	49 	91 	133 	175 	
5 	8 	50 	92 	134 	176 	
5 	9 	51 	93 	135 	177 	
5 	10 	52 	94 	136 	178 	
5 	11 	53 	95 	137 	179 	
5 	12 	54 	96 	138 	180 	
5 	13 	55 	97 	139 	181 	
5 	14 	56 	98 	140 	182 	
5 	15 	57 	99 	141 	183 	
5 	16 	58 	100 	142 	184 	
5 	17 	59 	101 	143 	185 	
5 	18 	60 	102 	144 	186 	
5 	19 	61 	103 	145 	187 	
5 	20 	62 	104 	146 	188 	
5 	21 	63 	105 	147 	189 	
5 	22 	64 	106 	148 	190 	
5 	23 	65 	107 	149 	191 	
5 	24 	66 	108 	150 	192 	
5 	25 	67 	109 	151 	193 	
5 	26 	68 	110 	152 	194 	
5 	27 	69 	111 	153 	195 	
5 	28 	70 	112 	154 	196 	
5 	29 	71 	113 	155 	197 	
5 	30 	72 	114 	156 	198 	
5 	31 	73 	115 	157 	199 	
5 	32 	74 	116 	158 	200 	
5 	33 	75 	117 	159 	201 	
5 	34 	76 	118 	160 	202 	
5 	35 	77 	119 	161 	203 	
5 	36 	78 	120 	162 	204 	
5 	37 	79 	121 	163 	205 	
5 	38 	80 	122 	164 	206 	
5 	39 	81 	123 	165 	207 	
5 	40 	82 	124 	166 	208 	
5 	41 	83 	125 	167 	209 	
5 	42 	84 	126 	168 	210 	
5 	1 	79 	120 	160 	181 	
5 	2 	80 	121 	161 	182 	
5 	3 	81 	122 	162 	183 	
5 	4 	82 	123 	163 	184 	
5 	5 	83 	124 	164 	185 	
5 	6 	84 	125 	165 	186 	
5 	7 	43 	126 	166 	187 	
5 	8 	44 	85 	167 	188 	
5 	9 	45 	86 	168 	189 	
5 	10 	46 	87 	127 	190 	
5 	11 	47 	88 	128 	191 	
5 	12 	48 	89 	129 	192 	
5 	13 	49 	90 	130 	193 	
5 	14 	50 	91 	131 	194 	
5 	15 	51 	92 	132 	195 	
5 	16 	52 	93 	133 	196 	
5 	17 	53 	94 	134 	197 	
5 	18 	54 	95 	135 	198 	
5 	19 	55 	96 	136 	199 	
5 	20 	56 	97 	137 	200 	
5 	21 	57 	98 	138 	201 	
5 	22 	58 	99 	139 	202 	
5 	23 	59 	100 	140 	203 	
5 	24 	60 	101 	141 	204 	
5 	25 	61 	102 	142 	205 	
5 	26 	62 	103 	143 	206 	
5 	27 	63 	104 	144 	207 	
5 	28 	64 	105 	145 	208 	
5 	29 	65 	106 	146 	209 	
5 	30 	66 	107 	147 	210 	
5 	31 	67 	108 	148 	169 	
5 	32 	68 	109 	149 	170 	
5 	33 	69 	110 	150 	171 	
5 	34 	70 	111 	151 	172 	
5 	35 	71 	112 	152 	173 	
5 	36 	72 	113 	153 	174 	
5 	37 	73 	114 	154 	175 	
5 	38 	74 	115 	155 	176 	
5 	39 	75 	116 	156 	177 	
5 	40 	76 	117 	157 	178 	
5 	41 	77 	118 	158 	179 	
5 	42 	78 	119 	159 	180 	
5 	1 	45 	112 	138 	176 	
5 	2 	46 	113 	139 	177 	
5 	3 	47 	114 	140 	178 	
5 	4 	48 	115 	141 	179 	
5 	5 	49 	116 	142 	180 	
5 	6 	50 	117 	143 	181 	
5 	7 	51 	118 	144 	182 	
5 	8 	52 	119 	145 	183 	
5 	9 	53 	120 	146 	184 	
5 	10 	54 	121 	147 	185 	
5 	11 	55 	122 	148 	186 	
5 	12 	56 	123 	149 	187 	
5 	13 	57 	124 	150 	188 	
5 	14 	58 	125 	151 	189 	
5 	15 	59 	126 	152 	190 	
5 	16 	60 	85 	153 	191 	
5 	17 	61 	86 	154 	192 	
5 	18 	62 	87 	155 	193 	
5 	19 	63 	88 	156 	194 	
5 	20 	64 	89 	157 	195 	
5 	21 	65 	90 	158 	196 	
5 	22 	66 	91 	159 	197 	
5 	23 	67 	92 	160 	198 	
5 	24 	68 	93 	161 	199 	
5 	25 	69 	94 	162 	200 	
5 	26 	70 	95 	163 	201 	
5 	27 	71 	96 	164 	202 	
5 	28 	72 	97 	165 	203 	
5 	29 	73 	98 	166 	204 	
5 	30 	74 	99 	167 	205 	
5 	31 	75 	100 	168 	206 	
5 	32 	76 	101 	127 	207 	
5 	33 	77 	102 	128 	208 	
5 	34 	78 	103 	129 	209 	
5 	35 	79 	104 	130 	210 	
5 	36 	80 	105 	131 	169 	
5 	37 	81 	106 	132 	170 	
5 	38 	82 	107 	133 	171 	
5 	39 	83 	108 	134 	172 	
5 	40 	84 	109 	135 	173 	
5 	41 	43 	110 	136 	174 	
5 	42 	44 	111 	137 	175 	
5 	211 	253 	295 	337 	379 	
5 	212 	254 	296 	338 	380 	
5 	213 	255 	297 	339 	381 	
5 	214 	256 	298 	340 	382 	
5 	215 	257 	299 	341 	383 	
5 	216 	258 	300 	342 	384 	
5 	217 	259 	301 	343 	385 	
5 	218 	260 	302 	344 	386 	
5 	219 	261 	303 	345 	387 	
5 	220 	262 	304 	346 	388 	
5 	221 	263 	305 	347 	389 	
5 	222 	264 	306 	348 	390 	
5 	223 	265 	307 	349 	391 	
5 	224 	266 	308 	350 	392 	
5 	225 	267 	309 	351 	393 	
5 	226 	268 	310 	352 	394 	
5 	227 	269 	311 	353 	395 	
5 	228 	270 	312 	354 	396 	
5 	229 	271 	313 	355 	397 	
5 	230 	272 	314 	356 	398 	
5 	231 	273 	315 	357 	399 	
5 	232 	274 	316 	358 	400 	
5 	233 	275 	317 	359 	401 	
5 	234 	276 	318 	360 	402 	
5 	235 	277 	319 	361 	403 	
5 	236 	278 	320 	362 	404 	
5 	237 	279 	321 	363 	405 	
5 	238 	280 	322 	364 	406 	
5 	239 	281 	323 	365 	407 	
5 	240 	282 	324 	366 	408 	
5 	241 	283 	325 	367 	409 	
5 	242 	284 	326 	368 	410 	
5 	243 	285 	327 	369 	411 	
5 	244 	286 	328 	370 	412 	
5 	245 	287 	329 	371 	413 	
5 	246 	288 	330 	372 	414 	
5 	247 	289 	331 	373 	415 	
5 	248 	290 	332 	374 	416 	
5 	249 	291 	333 	375 	417 	
5 	250 	292 	334 	376 	418 	
5 	251 	293 	335 	377 	419 	
5 	252 	294 	336 	378 	420 	
5 	211 	289 	330 	370 	391 	
5 	212 	290 	331 	371 	392 	
5 	213 	291 	332 	372 	393 	
5 	214 	292 	333 	373 	394 	
5 	215 	293 	334 	374 	395 	
5 	216 	294 	335 	375 	396 	
5 	217 	253 	336 	376 	397 	
5 	218 	254 	295 	377 	398 	
5 	219 	255 	296 	378 	399 	
5 	220 	256 	297 	337 	400 	
5 	221 	257 	298 	338 	401 	
5 	222 	258 	299 	339 	402 	
5 	223 	259 	300 	340 	403 	
5 	224 	260 	301 	341 	404 	
5 	225 	261 	302 	342 	405 	
5 	226 	262 	303 	343 	406 	
5 	227 	263 	304 	344 	407 	
5 	228 	264 	305 	345 	408 	
5 	229 	265 	306 	346 	409 	
5 	230 	266 	307 	347 	410 	
5 	231 	267 	308 	348 	411 	
5 	232 	268 	309 	349 	412 	
5 	233 	269 	310 	350 	413 	
5 	234 	270 	311 	351 	414 	
5 	235 	271 	312 	352 	415 	
5 	236 	272 	313 	353 	416 	
5 	237 	273 	314 	354 	417 	
5 	238 	274 	315 	355 	418 	
5 	239 	275 	316 	356 	419 	
5 	240 	276 	317 	357 	420 	
5 	241 	277 	318 	358 	379 	
5 	242 	278 	319 	359 	380 	
5 	243 	279 	320 	360 	381 	
5 	244 	280 	321 	361 	382 	
5 	245 	281 	322 	362 	383 	
5 	246 	282 	323 	363 	384 	
5 	247 	283 	324 	364 	385 	
5 	248 	284 	325 	365 	386 	
5 	249 	285 	326 	366 	387 	
5 	250 	286 	327 	367 	388 	
5 	251 	287 	328 	368 	389 	
5 	252 	288 	329 	369 	390 	
5 	211 	255 	322 	348 	386 	
5 	212 	256 	323 	349 	387 	
5 	213 	257 	324 	350 	388 	
5 	214 	258 	325 	351 	389 	
5 	215 	259 	326 	352 	390 	
5 	216 	260 	327 	353 	391 	
5 	217 	261 	328 	354 	392 	
5 	218 	262 	329 	355 	393 	
5 	219 	263 	330 	356 	394 	
5 	220 	264 	331 	357 	395 	
5 	221 	265 	332 	358 	396 	
5 	222 	266 	333 	359 	397 	
5 	223 	267 	334 	360 	398 	
5 	224 	268 	335 	361 	399 	
5 	225 	269 	336 	362 	400 	
5 	226 	270 	295 	363 	401 	
5 	227 	271 	296 	364 	402 	
5 	228 	272 	297 	365 	403 	
5 	229 	273 	298 	366 	404 	
5 	230 	274 	299 	367 	405 	
5 	231 	275 	300 	368 	406 	
5 	232 	276 	301 	369 	407 	
5 	233 	277 	302 	370 	408 	
5 	234 	278 	303 	371 	409 	
5 	235 	279 	304 	372 	410 	
5 	236 	280 	305 	373 	411 	
5 	237 	281 	306 	374 	412 	
5 	238 	282 	307 	375 	413 	
5 	239 	283 	308 	376 	414 	
5 	240 	284 	309 	377 	415 	
5 	241 	285 	310 	378 	416 	
5 	242 	286 	311 	337 	417 	
5 	243 	287 	312 	338 	418 	
5 	244 	288 	313 	339 	419 	
5 	245 	289 	314 	340 	420 	
5 	246 	290 	315 	341 	379 	
5 	247 	291 	316 	342 	380 	
5 	248 	292 	317 	343 	381 	
5 	249 	293 	318 	344 	382 	
5 	250 	294 	319 	345 	383 	
5 	251 	253 	320 	346 	384 	
5 	252 	254 	321 	347 	385 	
5 	421 	463 	505 	547 	589 	
5 	422 	464 	506 	548 	590 	
5 	423 	465 	507 	549 	591 	
5 	424 	466 	508 	550 	592 	
5 	425 	467 	509 	551 	593 	
5 	426 	468 	510 	552 	594 	
5 	427 	469 	511 	553 	595 	
5 	428 	470 	512 	554 	596 	
5 	429 	471 	513 	555 	597 	
5 	430 	472 	514 	556 	598 	
5 	431 	473 	515 	557 	599 	
5 	432 	474 	516 	558 	600 	
5 	433 	475 	517 	559 	601 	
5 	434 	476 	518 	560 	602 	
5 	435 	477 	519 	561 	603 	
5 	436 	478 	520 	562 	604 	
5 	437 	479 	521 	563 	605 	
5 	438 	480 	522 	564 	606 	
5 	439 	481 	523 	565 	607 	
5 	440 	482 	524 	566 	608 	
5 	441 	483 	525 	567 	609 	
5 	442 	484 	526 	568 	610 	
5 	443 	485 	527 	569 	611 	
5 	444 	486 	528 	570 	612 	
5 	445 	487 	529 	571 	613 	
5 	446 	488 	530 	572 	614 	
5 	447 	489 	531 	573 	615 	
5 	448 	490 	532 	574 	616 	
5 	449 	491 	533 	575 	617 	
5 	450 	492 	534 	576 	618 	
5 	451 	493 	535 	577 	619 	
5 	452 	494 	536 	578 	620 	
5 	453 	495 	537 	579 	621 	
5 	454 	496 	538 	580 	622 	
5 	455 	497 	539 	581 	623 	
5 	456 	498 	540 	582 	624 	
5 	457 	499 	541 	583 	625 	
5 	458 	500 	542 	584 	626 	
5 	459 	501 	543 	585 	627 	
5 	460 	502 	544 	586 	628 	
5 	461 	503 	545 	587 	629 	
5 	462 	504 	546 	588 	630 	
5 	421 	499 	540 	580 	601 	
5 	422 	500 	541 	581 	602 	
5 	423 	501 	542 	582 	603 	
5 	424 	502 	543 	583 	604 	
5 	425 	503 	544 	584 	605 	
5 	426 	504 	545 	585 	606 	
5 	427 	463 	546 	586 	607 	
5 	428 	464 	505 	587 	608 	
5 	429 	465 	506 	588 	609 	
5 	430 	466 	507 	547 	610 	
5 	431 	467 	508 	548 	611 	
5 	432 	468 	509 	549 	612 	
5 	433 	469 	510 	550 	613 	
5 	434 	470 	511 	551 	614 	
5 	435 	471 	512 	552 	615 	
5 	436 	472 	513 	553 	616 	
5 	437 	473 	514 	554 	617 	
5 	438 	474 	515 	555 	618 	
5 	439 	475 	516 	556 	619 	
5 	440 	476 	517 	557 	620 	
5 	441 	477 	518 	558 	621 	
5 	442 	478 	519 	559 	622 	
5 	443 	479 	520 	560 	623 	
5 	444 	480 	521 	561 	624 	
5 	445 	481 	522 	562 	625 	
5 	446 	482 	523 	563 	626 	
5 	447 	483 	524 	564 	627 	
5 	448 	484 	525 	565 	628 	
5 	449 	485 	526 	566 	629 	
5 	450 	486 	527 	567 	630 	
5 	451 	487 	528 	568 	589 	
5 	452 	488 	529 	569 	590 	
5 	453 	489 	530 	570 	591 	
5 	454 	490 	531 	571 	592 	
5 	455 	491 	532 	572 	593 	
5 	456 	492 	533 	573 	594 	
5 	457 	493 	534 	574 	595 	
5 	458 	494 	535 	575 	596 	
5 	459 	495 	536 	576 	597 	
5 	460 	496 	537 	577 	598 	
5 	461 	497 	538 	578 	599 	
5 	462 	498 	539 	579 	600 	
5 	421 	465 	532 	558 	596 	
5 	422 	466 	533 	559 	597 	
5 	423 	467 	534 	560 	598 	
5 	424 	468 	535 	561 	599 	
5 	425 	469 	536 	562 	600 	
5 	426 	470 	537 	563 	601 	
5 	427 	471 	538 	564 	602 	
5 	428 	472 	539 	565 	603 	
5 	429 	473 	540 	566 	604 	
5 	430 	474 	541 	567 	605 	
5 	431 	475 	542 	568 	606 	
5 	432 	476 	543 	569 	607 	
5 	433 	477 	544 	570 	608 	
5 	434 	478 	545 	571 	609 	
5 	435 	479 	546 	572 	610 	
5 	436 	480 	505 	573 	611 	
5 	437 	481 	506 	574 	612 	
5 	438 	482 	507 	575 	613 	
5 	439 	483 	508 	576 	614 	
5 	440 	484 	509 	577 	615 	
5 	441 	485 	510 	578 	616 	
5 	442 	486 	511 	579 	617 	
5 	443 	487 	512 	580 	618 	
5 	444 	488 	513 	581 	619 	
5 	445 	489 	514 	582 	620 	
5 	446 	490 	515 	583 	621 	
5 	447 	491 	516 	584 	622 	
5 	448 	492 	517 	585 	623 	
5 	449 	493 	518 	586 	624 	
5 	450 	494 	519 	587 	625 	
5 	451 	495 	520 	588 	626 	
5 	452 	496 	521 	547 	627 	
5 	453 	497 	522 	548 	628 	
5 	454 	498 	523 	549 	629 	
5 	455 	499 	524 	550 	630 	
5 	456 	500 	525 	551 	589 	
5 	457 	501 	526 	552 	590 	
5 	458 	502 	527 	553 	591 	
5 	459 	503 	528 	554 	592 	
5 	460 	504 	529 	555 	593 	
5 	461 	463 	530 	556 	594 	
5 	462 	464 	531 	557 	595 	
8 	1 	211 	421 	631 	841 	1051 	1093 	1135 	
8 	2 	212 	422 	632 	842 	1052 	1094 	1136 	
8 	3 	213 	423 	633 	843 	1053 	1095 	1137 	
8 	4 	214 	424 	634 	844 	1054 	1096 	1138 	
8 	5 	215 	425 	635 	845 	1055 	1097 	1139 	
8 	6 	216 	426 	636 	846 	1056 	1098 	1140 	
8 	7 	217 	427 	637 	847 	1057 	1099 	1141 	
8 	8 	218 	428 	638 	848 	1058 	1100 	1142 	
8 	9 	219 	429 	639 	849 	1059 	1101 	1143 	
8 	10 	220 	430 	640 	850 	1060 	1102 	1144 	
8 	11 	221 	431 	641 	851 	1061 	1103 	1145 	
8 	12 	222 	432 	642 	852 	1062 	1104 	1146 	
8 	13 	223 	433 	643 	853 	1063 	1105 	1147 	
8 	14 	224 	434 	644 	854 	1064 	1106 	1148 	
8 	15 	225 	435 	645 	855 	1065 	1107 	1149 	
8 	16 	226 	436 	646 	856 	1066 	1108 	1150 	
8 	17 	227 	437 	647 	857 	1067 	1109 	1151 	
8 	18 	228 	438 	648 	858 	1068 	1110 	1152 	
8 	19 	229 	439 	649 	859 	1069 	1111 	1153 	
8 	20 	230 	440 	650 	860 	1070 	1112 	1154 	
8 	21 	231 	441 	651 	861 	1071 	1113 	1155 	
8 	22 	232 	442 	652 	862 	1072 	1114 	1156 	
8 	23 	233 	443 	653 	863 	1073 	1115 	1157 	
8 	24 	234 	444 	654 	864 	1074 	1116 	1158 	
8 	25 	235 	445 	655 	865 	1075 	1117 	1159 	
8 	26 	236 	446 	656 	866 	1076 	1118 	1160 	
8 	27 	237 	447 	657 	867 	1077 	1119 	1161 	
8 	28 	238 	448 	658 	868 	1078 	1120 	1162 	
8 	29 	239 	449 	659 	869 	1079 	1121 	1163 	
8 	30 	240 	450 	660 	870 	1080 	1122 	1164 	
8 	31 	241 	451 	661 	871 	1081 	1123 	1165 	
8 	32 	242 	452 	662 	872 	1082 	1124 	1166 	
8 	33 	243 	453 	663 	873 	1083 	1125 	1167 	
8 	34 	244 	454 	664 	874 	1084 	1126 	1168 	
8 	35 	245 	455 	665 	875 	1085 	1127 	1169 	
8 	36 	246 	456 	666 	876 	1086 	1128 	1170 	
8 	37 	247 	457 	667 	877 	1087 	1129 	1171 	
8 	38 	248 	458 	668 	878 	1088 	1130 	1172 	
8 	39 	249 	459 	669 	879 	1089 	1131 	1173 	
8 	40 	250 	460 	670 	880 	1090 	1132 	1174 	
8 	41 	251 	461 	671 	881 	1091 	1133 	1175 	
8 	42 	252 	462 	672 	882 	1092 	1134 	1176 	
8 	43 	253 	463 	673 	883 	1051 	1099 	1175 	
8 	44 	254 	464 	674 	884 	1052 	1100 	1176 	
8 	45 	255 	465 	675 	885 	1053 	1101 	1135 	
8 	46 	256 	466 	676 	886 	1054 	1102 	1136 	
8 	47 	257 	467 	677 	887 	1055 	1103 	1137 	
8 	48 	258 	468 	678 	888 	1056 	1104 	1138 	
8 	49 	259 	469 	679 	889 	1057 	1105 	1139 	
8 	50 	260 	470 	680 	890 	1058 	1106 	1140 	
8 	51 	261 	471 	681 	891 	1059 	1107 	1141 	
8 	52 	262 	472 	682 	892 	1060 	1108 	1142 	
8 	53 	263 	473 	683 	893 	1061 	1109 	1143 	
8 	54 	264 	474 	684 	894 	1062 	1110 	1144 	
8 	55 	265 	475 	685 	895 	1063 	1111 	1145 	
8 	56 	266 	476 	686 	896 	1064 	1112 	1146 	
8 	57 	267 	477 	687 	897 	1065 	1113 	1147 	
8 	58 	268 	478 	688 	898 	1066 	1114 	1148 	
8 	59 	269 	479 	689 	899 	1067 	1115 	1149 	
8 	60 	270 	480 	690 	900 	1068 	1116 	1150 	
8 	61 	271 	481 	691 	901 	1069 	1117 	1151 	
8 	62 	272 	482 	692 	902 	1070 	1118 	1152 	
8 	63 	273 	483 	693 	903 	1071 	1119 	1153 	
8 	64 	274 	484 	694 	904 	1072 	1120 	1154 	
8 	65 	275 	485 	695 	905 	1073 	1121 	1155 	
8 	66 	276 	486 	696 	906 	1074 	1122 	1156 	
8 	67 	277 	487 	697 	907 	1075 	1123 	1157 	
8 	68 	278 	488 	698 	908 	1076 	1124 	1158 	
8 	69 	279 	489 	699 	909 	1077 	1125 	1159 	
8 	70 	280 	490 	700 	910 	1078 	1126 	1160 	
8 	71 	281 	491 	701 	911 	1079 	1127 	1161 	
8 	72 	282 	492 	702 	912 	1080 	1128 	1162 	
8 	73 	283 	493 	703 	913 	1081 	1129 	1163 	
8 	74 	284 	494 	704 	914 	1082 	1130 	1164 	
8 	75 	285 	495 	705 	915 	1083 	1131 	1165 	
8 	76 	286 	496 	706 	916 	1084 	1132 	1166 	
8 	77 	287 	497 	707 	917 	1085 	1133 	1167 	
8 	78 	288 	498 	708 	918 	1086 	1134 	1168 	
8 	79 	289 	499 	709 	919 	1087 	1093 	1169 	
8 	80 	290 	500 	710 	920 	1088 	1094 	1170 	
8 	81 	291 	501 	711 	921 	1089 	1095 	1171 	
8 	82 	292 	502 	712 	922 	1090 	1096 	1172 	
8 	83 	293 	503 	713 	923 	1091 	1097 	1173 	
8 	84 	294 	504 	714 	924 	1092 	1098 	1174 	
8 	85 	295 	505 	715 	925 	1051 	1100 	1150 	
8 	86 	296 	506 	716 	926 	1052 	1101 	1151 	
8 	87 	297 	507 	717 	927 	1053 	1102 	1152 	
8 	88 	298 	508 	718 	928 	1054 	1103 	1153 	
8 	89 	299 	509 	719 	929 	1055 	1104 	1154 	
8 	90 	300 	510 	720 	930 	1056 	1105 	1155 	
8 	91 	301 	511 	721 	931 	1057 	1106 	1156 	
8 	92 	302 	512 	722 	932 	1058 	1107 	1157 	
8 	93 	303 	513 	723 	933 	1059 	1108 	1158 	
8 	94 	304 	514 	724 	934 	1060 	1109 	1159 	
8 	95 	305 	515 	725 	935 	1061 	1110 	1160 	
8 	96 	306 	516 	726 	936 	1062 	1111 	1161 	
8 	97 	307 	517 	727 	937 	1063 	1112 	1162 	
8 	98 	308 	518 	728 	938 	1064 	1113 	1163 	
8 	99 	309 	519 	729 	939 	1065 	1114 	1164 	
8 	100 	310 	520 	730 	940 	1066 	1115 	1165 	
8 	101 	311 	521 	731 	941 	1067 	1116 	1166 	
8 	102 	312 	522 	732 	942 	1068 	1117 	1167 	
8 	103 	313 	523 	733 	943 	1069 	1118 	1168 	
8 	104 	314 	524 	734 	944 	1070 	1119 	1169 	
8 	105 	315 	525 	735 	945 	1071 	1120 	1170 	
8 	106 	316 	526 	736 	946 	1072 	1121 	1171 	
8 	107 	317 	527 	737 	947 	1073 	1122 	1172 	
8 	108 	318 	528 	738 	948 	1074 	1123 	1173 	
8 	109 	319 	529 	739 	949 	1075 	1124 	1174 	
8 	110 	320 	530 	740 	950 	1076 	1125 	1175 	
8 	111 	321 	531 	741 	951 	1077 	1126 	1176 	
8 	112 	322 	532 	742 	952 	1078 	1127 	1135 	
8 	113 	323 	533 	743 	953 	1079 	1128 	1136 	
8 	114 	324 	534 	744 	954 	1080 	1129 	1137 	
8 	115 	325 	535 	745 	955 	1081 	1130 	1138 	
8 	116 	326 	536 	746 	956 	1082 	1131 	1139 	
8 	117 	327 	537 	747 	957 	1083 	1132 	1140 	
8 	118 	328 	538 	748 	958 	1084 	1133 	1141 	
8 	119 	329 	539 	749 	959 	1085 	1134 	1142 	
8 	120 	330 	540 	750 	960 	1086 	1093 	1143 	
8 	121 	331 	541 	751 	961 	1087 	1094 	1144 	
8 	122 	332 	542 	752 	962 	1088 	1095 	1145 	
8 	123 	333 	543 	753 	963 	1089 	1096 	1146 	
8 	124 	334 	544 	754 	964 	1090 	1097 	1147 	
8 	125 	335 	545 	755 	965 	1091 	1098 	1148 	
8 	126 	336 	546 	756 	966 	1092 	1099 	1149 	
8 	127 	337 	547 	757 	967 	1051 	1102 	1166 	
8 	128 	338 	548 	758 	968 	1052 	1103 	1167 	
8 	129 	339 	549 	759 	969 	1053 	1104 	1168 	
8 	130 	340 	550 	760 	970 	1054 	1105 	1169 	
8 	131 	341 	551 	761 	971 	1055 	1106 	1170 	
8 	132 	342 	552 	762 	972 	1056 	1107 	1171 	
8 	133 	343 	553 	763 	973 	1057 	1108 	1172 	
8 	134 	344 	554 	764 	974 	1058 	1109 	1173 	
8 	135 	345 	555 	765 	975 	1059 	1110 	1174 	
8 	136 	346 	556 	766 	976 	1060 	1111 	1175 	
8 	137 	347 	557 	767 	977 	1061 	1112 	1176 	
8 	138 	348 	558 	768 	978 	1062 	1113 	1135 	
8 	139 	349 	559 	769 	979 	1063 	1114 	1136 	
8 	140 	350 	560 	770 	980 	1064 	1115 	1137 	
8 	141 	351 	561 	771 	981 	1065 	1116 	1138 	
8 	142 	352 	562 	772 	982 	1066 	1117 	1139 	
8 	143 	353 	563 	773 	983 	1067 	1118 	1140 	
8 	144 	354 	564 	774 	984 	1068 	1119 	1141 	
8 	145 	355 	565 	775 	985 	1069 	1120 	1142 	
8 	146 	356 	566 	776 	986 	1070 	1121 	1143 	
8 	147 	357 	567 	777 	987 	1071 	1122 	1144 	
8 	148 	358 	568 	778 	988 	1072 	1123 	1145 	
8 	149 	359 	569 	779 	989 	1073 	1124 	1146 	
8 	150 	360 	570 	780 	990 	1074 	1125 	1147 	
8 	151 	361 	571 	781 	991 	1075 	1126 	1148 	
8 	152 	362 	572 	782 	992 	1076 	1127 	1149 	
8 	153 	363 	573 	783 	993 	1077 	1128 	1150 	
8 	154 	364 	574 	784 	994 	1078 	1129 	1151 	
8 	155 	365 	575 	785 	995 	1079 	1130 	1152 	
8 	156 	366 	576 	786 	996 	1080 	1131 	1153 	
8 	157 	367 	577 	787 	997 	1081 	1132 	1154 	
8 	158 	368 	578 	788 	998 	1082 	1133 	1155 	
8 	159 	369 	579 	789 	999 	1083 	1134 	1156 	
8 	160 	370 	580 	790 	1000 	1084 	1093 	1157 	
8 	161 	371 	581 	791 	1001 	1085 	1094 	1158 	
8 	162 	372 	582 	792 	1002 	1086 	1095 	1159 	
8 	163 	373 	583 	793 	1003 	1087 	1096 	1160 	
8 	164 	374 	584 	794 	1004 	1088 	1097 	1161 	
8 	165 	375 	585 	795 	1005 	1089 	1098 	1162 	
8 	166 	376 	586 	796 	1006 	1090 	1099 	1163 	
8 	167 	377 	587 	797 	1007 	1091 	1100 	1164 	
8 	168 	378 	588 	798 	1008 	1092 	1101 	1165 	
8 	169 	379 	589 	799 	1009 	1051 	1123 	1170 	
8 	170 	380 	590 	800 	1010 	1052 	1124 	1171 	
8 	171 	381 	591 	801 	1011 	1053 	1125 	1172 	
8 	172 	382 	592 	802 	1012 	1054 	1126 	1173 	
8 	173 	383 	593 	803 	1013 	1055 	1127 	1174 	
8 	174 	384 	594 	804 	1014 	1056 	1128 	1175 	
8 	175 	385 	595 	805 	1015 	1057 	1129 	1176 	
8 	176 	386 	596 	806 	1016 	1058 	1130 	1135 	
8 	177 	387 	597 	807 	1017 	1059 	1131 	1136 	
8 	178 	388 	598 	808 	1018 	1060 	1132 	1137 	
8 	179 	389 	599 	809 	1019 	1061 	1133 	1138 	
8 	180 	390 	600 	810 	1020 	1062 	1134 	1139 	
8 	181 	391 	601 	811 	1021 	1063 	1093 	1140 	
8 	182 	392 	602 	812 	1022 	1064 	1094 	1141 	
8 	183 	393 	603 	813 	1023 	1065 	1095 	1142 	
8 	184 	394 	604 	814 	1024 	1066 	1096 	1143 	
8 	185 	395 	605 	815 	1025 	1067 	1097 	1144 	
8 	186 	396 	606 	816 	1026 	1068 	1098 	1145 	
8 	187 	397 	607 	817 	1027 	1069 	1099 	1146 	
8 	188 	398 	608 	818 	1028 	1070 	1100 	1147 	
8 	189 	399 	609 	819 	1029 	1071 	1101 	1148 	
8 	190 	400 	610 	820 	1030 	1072 	1102 	1149 	
8 	191 	401 	611 	821 	1031 	1073 	1103 	1150 	
8 	192 	402 	612 	822 	1032 	1074 	1104 	1151 	
8 	193 	403 	613 	823 	1033 	1075 	1105 	1152 	
8 	194 	404 	614 	824 	1034 	1076 	1106 	1153 	
8 	195 	405 	615 	825 	1035 	1077 	1107 	1154 	
8 	196 	406 	616 	826 	1036 	1078 	1108 	1155 	
8 	197 	407 	617 	827 	1037 	1079 	1109 	1156 	
8 	198 	408 	618 	828 	1038 	1080 	1110 	1157 	
8 	199 	409 	619 	829 	1039 	1081 	1111 	1158 	
8 	200 	410 	620 	830 	1040 	1082 	1112 	1159 	
8 	201 	411 	621 	831 	1041 	1083 	1113 	1160 	
8 	202 	412 	622 	832 	1042 	1084 	1114 	1161 	
8 	203 	413 	623 	833 	1043 	1085 	1115 	1162 	
8 	204 	414 	624 	834 	1044 	1086 	1116 	1163 	
8 	205 	415 	625 	835 	1045 	1087 	1117 	1164 	
8 	206 	416 	626 	836 	1046 	1088 	1118 	1165 	
8 	207 	417 	627 	837 	1047 	1089 	1119 	1166 	
8 	208 	418 	628 	838 	1048 	1090 	1120 	1167 	
8 	209 	419 	629 	839 	1049 	1091 	1121 	1168 	
8 	210 	420 	630 	840 	1050 	1092 	1122 	1169 	
8 	1 	247 	456 	664 	853 	1177 	1219 	1261 	
8 	2 	248 	457 	665 	854 	1178 	1220 	1262 	
8 	3 	249 	458 	666 	855 	1179 	1221 	1263 	
8 	4 	250 	459 	667 	856 	1180 	1222 	1264 	
8 	5 	251 	460 	668 	857 	1181 	1223 	1265 	
8 	6 	252 	461 	669 	858 	1182 	1224 	1266 	
8 	7 	211 	462 	670 	859 	1183 	1225 	1267 	
8 	8 	212 	421 	671 	860 	1184 	1226 	1268 	
8 	9 	213 	422 	672 	861 	1185 	1227 	1269 	
8 	10 	214 	423 	631 	862 	1186 	1228 	1270 	
8 	11 	215 	424 	632 	863 	1187 	1229 	1271 	
8 	12 	216 	425 	633 	864 	1188 	1230 	1272 	
8 	13 	217 	426 	634 	865 	1189 	1231 	1273 	
8 	14 	218 	427 	635 	866 	1190 	1232 	1274 	
8 	15 	219 	428 	636 	867 	1191 	1233 	1275 	
8 	16 	220 	429 	637 	868 	1192 	1234 	1276 	
8 	17 	221 	430 	638 	869 	1193 	1235 	1277 	
8 	18 	222 	431 	639 	870 	1194 	1236 	1278 	
8 	19 	223 	432 	640 	871 	1195 	1237 	1279 	
8 	20 	224 	433 	641 	872 	1196 	1238 	1280 	
8 	21 	225 	434 	642 	873 	1197 	1239 	1281 	
8 	22 	226 	435 	643 	874 	1198 	1240 	1282 	
8 	23 	227 	436 	644 	875 	1199 	1241 	1283 	
8 	24 	228 	437 	645 	876 	1200 	1242 	1284 	
8 	25 	229 	438 	646 	877 	1201 	1243 	1285 	
8 	26 	230 	439 	647 	878 	1202 	1244 	1286 	
8 	27 	231 	440 	648 	879 	1203 	1245 	1287 	
8 	28 	232 	441 	649 	880 	1204 	1246 	1288 	
8 	29 	233 	442 	650 	881 	1205 	1247 	1289 	
8 	30 	234 	443 	651 	882 	1206 	1248 	1290 	
8 	31 	235 	444 	652 	841 	1207 	1249 	1291 	
8 	32 	236 	445 	653 	842 	1208 	1250 	1292 	
8 	33 	237 	446 	654 	843 	1209 	1251 	1293 	
8 	34 	238 	447 	655 	844 	1210 	1252 	1294 	
8 	35 	239 	448 	656 	845 	1211 	1253 	1295 	
8 	36 	240 	449 	657 	846 	1212 	1254 	1296 	
8 	37 	241 	450 	658 	847 	1213 	1255 	1297 	
8 	38 	242 	451 	659 	848 	1214 	1256 	1298 	
8 	39 	243 	452 	660 	849 	1215 	1257 	1299 	
8 	40 	244 	453 	661 	850 	1216 	1258 	1300 	
8 	41 	245 	454 	662 	851 	1217 	1259 	1301 	
8 	42 	246 	455 	663 	852 	1218 	1260 	1302 	
8 	43 	289 	498 	706 	895 	1177 	1225 	1301 	
8 	44 	290 	499 	707 	896 	1178 	1226 	1302 	
8 	45 	291 	500 	708 	897 	1179 	1227 	1261 	
8 	46 	292 	501 	709 	898 	1180 	1228 	1262 	
8 	47 	293 	502 	710 	899 	1181 	1229 	1263 	
8 	48 	294 	503 	711 	900 	1182 	1230 	1264 	
8 	49 	253 	504 	712 	901 	1183 	1231 	1265 	
8 	50 	254 	463 	713 	902 	1184 	1232 	1266 	
8 	51 	255 	464 	714 	903 	1185 	1233 	1267 	
8 	52 	256 	465 	673 	904 	1186 	1234 	1268 	
8 	53 	257 	466 	674 	905 	1187 	1235 	1269 	
8 	54 	258 	467 	675 	906 	1188 	1236 	1270 	
8 	55 	259 	468 	676 	907 	1189 	1237 	1271 	
8 	56 	260 	469 	677 	908 	1190 	1238 	1272 	
8 	57 	261 	470 	678 	909 	1191 	1239 	1273 	
8 	58 	262 	471 	679 	910 	1192 	1240 	1274 	
8 	59 	263 	472 	680 	911 	1193 	1241 	1275 	
8 	60 	264 	473 	681 	912 	1194 	1242 	1276 	
8 	61 	265 	474 	682 	913 	1195 	1243 	1277 	
8 	62 	266 	475 	683 	914 	1196 	1244 	1278 	
8 	63 	267 	476 	684 	915 	1197 	1245 	1279 	
8 	64 	268 	477 	685 	916 	1198 	1246 	1280 	
8 	65 	269 	478 	686 	917 	1199 	1247 	1281 	
8 	66 	270 	479 	687 	918 	1200 	1248 	1282 	
8 	67 	271 	480 	688 	919 	1201 	1249 	1283 	
8 	68 	272 	481 	689 	920 	1202 	1250 	1284 	
8 	69 	273 	482 	690 	921 	1203 	1251 	1285 	
8 	70 	274 	483 	691 	922 	1204 	1252 	1286 	
8 	71 	275 	484 	692 	923 	1205 	1253 	1287 	
8 	72 	276 	485 	693 	924 	1206 	1254 	1288 	
8 	73 	277 	486 	694 	883 	1207 	1255 	1289 	
8 	74 	278 	487 	695 	884 	1208 	1256 	1290 	
8 	75 	279 	488 	696 	885 	1209 	1257 	1291 	
8 	76 	280 	489 	697 	886 	1210 	1258 	1292 	
8 	77 	281 	490 	698 	887 	1211 	1259 	1293 	
8 	78 	282 	491 	699 	888 	1212 	1260 	1294 	
8 	79 	283 	492 	700 	889 	1213 	1219 	1295 	
8 	80 	284 	493 	701 	890 	1214 	1220 	1296 	
8 	81 	285 	494 	702 	891 	1215 	1221 	1297 	
8 	82 	286 	495 	703 	892 	1216 	1222 	1298 	
8 	83 	287 	496 	704 	893 	1217 	1223 	1299 	
8 	84 	288 	497 	705 	894 	1218 	1224 	1300 	
8 	85 	331 	540 	748 	937 	1177 	1226 	1276 	
8 	86 	332 	541 	749 	938 	1178 	1227 	1277 	
8 	87 	333 	542 	750 	939 	1179 	1228 	1278 	
8 	88 	334 	543 	751 	940 	1180 	1229 	1279 	
8 	89 	335 	544 	752 	941 	1181 	1230 	1280 	
8 	90 	336 	545 	753 	942 	1182 	1231 	1281 	
8 	91 	295 	546 	754 	943 	1183 	1232 	1282 	
8 	92 	296 	505 	755 	944 	1184 	1233 	1283 	
8 	93 	297 	506 	756 	945 	1185 	1234 	1284 	
8 	94 	298 	507 	715 	946 	1186 	1235 	1285 	
8 	95 	299 	508 	716 	947 	1187 	1236 	1286 	
8 	96 	300 	509 	717 	948 	1188 	1237 	1287 	
8 	97 	301 	510 	718 	949 	1189 	1238 	1288 	
8 	98 	302 	511 	719 	950 	1190 	1239 	1289 	
8 	99 	303 	512 	720 	951 	1191 	1240 	1290 	
8 	100 	304 	513 	721 	952 	1192 	1241 	1291 	
8 	101 	305 	514 	722 	953 	1193 	1242 	1292 	
8 	102 	306 	515 	723 	954 	1194 	1243 	1293 	
8 	103 	307 	516 	724 	955 	1195 	1244 	1294 	
8 	104 	308 	517 	725 	956 	1196 	1245 	1295 	
8 	105 	309 	518 	726 	957 	1197 	1246 	1296 	
8 	106 	310 	519 	727 	958 	1198 	1247 	1297 	
8 	107 	311 	520 	728 	959 	1199 	1248 	1298 	
8 	108 	312 	521 	729 	960 	1200 	1249 	1299 	
8 	109 	313 	522 	730 	961 	1201 	1250 	1300 	
8 	110 	314 	523 	731 	962 	1202 	1251 	1301 	
8 	111 	315 	524 	732 	963 	1203 	1252 	1302 	
8 	112 	316 	525 	733 	964 	1204 	1253 	1261 	
8 	113 	317 	526 	734 	965 	1205 	1254 	1262 	
8 	114 	318 	527 	735 	966 	1206 	1255 	1263 	
8 	115 	319 	528 	736 	925 	1207 	1256 	1264 	
8 	116 	320 	529 	737 	926 	1208 	1257 	1265 	
8 	117 	321 	530 	738 	927 	1209 	1258 	1266 	
8 	118 	322 	531 	739 	928 	1210 	1259 	1267 	
8 	119 	323 	532 	740 	929 	1211 	1260 	1268 	
8 	120 	324 	533 	741 	930 	1212 	1219 	1269 	
8 	121 	325 	534 	742 	931 	1213 	1220 	1270 	
8 	122 	326 	535 	743 	932 	1214 	1221 	1271 	
8 	123 	327 	536 	744 	933 	1215 	1222 	1272 	
8 	124 	328 	537 	745 	934 	1216 	1223 	1273 	
8 	125 	329 	538 	746 	935 	1217 	1224 	1274 	
8 	126 	330 	539 	747 	936 	1218 	1225 	1275 	
8 	127 	373 	582 	790 	979 	1177 	1228 	1292 	
8 	128 	374 	583 	791 	980 	1178 	1229 	1293 	
8 	129 	375 	584 	792 	981 	1179 	1230 	1294 	
8 	130 	376 	585 	793 	982 	1180 	1231 	1295 	
8 	131 	377 	586 	794 	983 	1181 	1232 	1296 	
8 	132 	378 	587 	795 	984 	1182 	1233 	1297 	
8 	133 	337 	588 	796 	985 	1183 	1234 	1298 	
8 	134 	338 	547 	797 	986 	1184 	1235 	1299 	
8 	135 	339 	548 	798 	987 	1185 	1236 	1300 	
8 	136 	340 	549 	757 	988 	1186 	1237 	1301 	
8 	137 	341 	550 	758 	989 	1187 	1238 	1302 	
8 	138 	342 	551 	759 	990 	1188 	1239 	1261 	
8 	139 	343 	552 	760 	991 	1189 	1240 	1262 	
8 	140 	344 	553 	761 	992 	1190 	1241 	1263 	
8 	141 	345 	554 	762 	993 	1191 	1242 	1264 	
8 	142 	346 	555 	763 	994 	1192 	1243 	1265 	
8 	143 	347 	556 	764 	995 	1193 	1244 	1266 	
8 	144 	348 	557 	765 	996 	1194 	1245 	1267 	
8 	145 	349 	558 	766 	997 	1195 	1246 	1268 	
8 	146 	350 	559 	767 	998 	1196 	1247 	1269 	
8 	147 	351 	560 	768 	999 	1197 	1248 	1270 	
8 	148 	352 	561 	769 	1000 	1198 	1249 	1271 	
8 	149 	353 	562 	770 	1001 	1199 	1250 	1272 	
8 	150 	354 	563 	771 	1002 	1200 	1251 	1273 	
8 	151 	355 	564 	772 	1003 	1201 	1252 	1274 	
8 	152 	356 	565 	773 	1004 	1202 	1253 	1275 	
8 	153 	357 	566 	774 	1005 	1203 	1254 	1276 	
8 	154 	358 	567 	775 	1006 	1204 	1255 	1277 	
8 	155 	359 	568 	776 	1007 	1205 	1256 	1278 	
8 	156 	360 	569 	777 	1008 	1206 	1257 	1279 	
8 	157 	361 	570 	778 	967 	1207 	1258 	1280 	
8 	158 	362 	571 	779 	968 	1208 	1259 	1281 	
8 	159 	363 	572 	780 	969 	1209 	1260 	1282 	
8 	160 	364 	573 	781 	970 	1210 	1219 	1283 	
8 	161 	365 	574 	782 	971 	1211 	1220 	1284 	
8 	162 	366 	575 	783 	972 	1212 	1221 	1285 	
8 	163 	367 	576 	784 	973 	1213 	1222 	1286 	
8 	164 	368 	577 	785 	974 	1214 	1223 	1287 	
8 	165 	369 	578 	786 	975 	1215 	1224 	1288 	
8 	166 	370 	579 	787 	976 	1216 	1225 	1289 	
8 	167 	371 	580 	788 	977 	1217 	1226 	1290 	
8 	168 	372 	581 	789 	978 	1218 	1227 	1291 	
8 	169 	415 	624 	832 	1021 	1177 	1249 	1296 	
8 	170 	416 	625 	833 	1022 	1178 	1250 	1297 	
8 	171 	417 	626 	834 	1023 	1179 	1251 	1298 	
8 	172 	418 	627 	835 	1024 	1180 	1252 	1299 	
8 	173 	419 	628 	836 	1025 	1181 	1253 	1300 	
8 	174 	420 	629 	837 	1026 	1182 	1254 	1301 	
8 	175 	379 	630 	838 	1027 	1183 	1255 	1302 	
8 	176 	380 	589 	839 	1028 	1184 	1256 	1261 	
8 	177 	381 	590 	840 	1029 	1185 	1257 	1262 	
8 	178 	382 	591 	799 	1030 	1186 	1258 	1263 	
8 	179 	383 	592 	800 	1031 	1187 	1259 	1264 	
8 	180 	384 	593 	801 	1032 	1188 	1260 	1265 	
8 	181 	385 	594 	802 	1033 	1189 	1219 	1266 	
8 	182 	386 	595 	803 	1034 	1190 	1220 	1267 	
8 	183 	387 	596 	804 	1035 	1191 	1221 	1268 	
8 	184 	388 	597 	805 	1036 	1192 	1222 	1269 	
8 	185 	389 	598 	806 	1037 	1193 	1223 	1270 	
8 	186 	390 	599 	807 	1038 	1194 	1224 	1271 	
8 	187 	391 	600 	808 	1039 	1195 	1225 	1272 	
8 	188 	392 	601 	809 	1040 	1196 	1226 	1273 	
8 	189 	393 	602 	810 	1041 	1197 	1227 	1274 	
8 	190 	394 	603 	811 	1042 	1198 	1228 	1275 	
8 	191 	395 	604 	812 	1043 	1199 	1229 	1276 	
8 	192 	396 	605 	813 	1044 	1200 	1230 	1277 	
8 	193 	397 	606 	814 	1045 	1201 	1231 	1278 	
8 	194 	398 	607 	815 	1046 	1202 	1232 	1279 	
8 	195 	399 	608 	816 	1047 	1203 	1233 	1280 	
8 	196 	400 	609 	817 	1048 	1204 	1234 	1281 	
8 	197 	401 	610 	818 	1049 	1205 	1235 	1282 	
8 	198 	402 	611 	819 	1050 	1206 	1236 	1283 	
8 	199 	403 	612 	820 	1009 	1207 	1237 	1284 	
8 	200 	404 	613 	821 	1010 	1208 	1238 	1285 	
8 	201 	405 	614 	822 	1011 	1209 	1239 	1286 	
8 	202 	406 	615 	823 	1012 	1210 	1240 	1287 	
8 	203 	407 	616 	824 	1013 	1211 	1241 	1288 	
8 	204 	408 	617 	825 	1014 	1212 	1242 	1289 	
8 	205 	409 	618 	826 	1015 	1213 	1243 	1290 	
8 	206 	410 	619 	827 	1016 	1214 	1244 	1291 	
8 	207 	411 	620 	828 	1017 	1215 	1245 	1292 	
8 	208 	412 	621 	829 	1018 	1216 	1246 	1293 	
8 	209 	413 	622 	830 	1019 	1217 	1247 	1294 	
8 	210 	414 	623 	831 	1020 	1218 	1248 	1295 	
8 	1 	213 	448 	642 	848 	1303 	1345 	1387 	
8 	2 	214 	449 	643 	849 	1304 	1346 	1388 	
8 	3 	215 	450 	644 	850 	1305 	1347 	1389 	
8 	4 	216 	451 	645 	851 	1306 	1348 	1390 	
8 	5 	217 	452 	646 	852 	1307 	1349 	1391 	
8 	6 	218 	453 	647 	853 	1308 	1350 	1392 	
8 	7 	219 	454 	648 	854 	1309 	1351 	1393 	
8 	8 	220 	455 	649 	855 	1310 	1352 	1394 	
8 	9 	221 	456 	650 	856 	1311 	1353 	1395 	
8 	10 	222 	457 	651 	857 	1312 	1354 	1396 	
8 	11 	223 	458 	652 	858 	1313 	1355 	1397 	
8 	12 	224 	459 	653 	859 	1314 	1356 	1398 	
8 	13 	225 	460 	654 	860 	1315 	1357 	1399 	
8 	14 	226 	461 	655 	861 	1316 	1358 	1400 	
8 	15 	227 	462 	656 	862 	1317 	1359 	1401 	
8 	16 	228 	421 	657 	863 	1318 	1360 	1402 	
8 	17 	229 	422 	658 	864 	1319 	1361 	1403 	
8 	18 	230 	423 	659 	865 	1320 	1362 	1404 	
8 	19 	231 	424 	660 	866 	1321 	1363 	1405 	
8 	20 	232 	425 	661 	867 	1322 	1364 	1406 	
8 	21 	233 	426 	662 	868 	1323 	1365 	1407 	
8 	22 	234 	427 	663 	869 	1324 	1366 	1408 	
8 	23 	235 	428 	664 	870 	1325 	1367 	1409 	
8 	24 	236 	429 	665 	871 	1326 	1368 	1410 	
8 	25 	237 	430 	666 	872 	1327 	1369 	1411 	
8 	26 	238 	431 	667 	873 	1328 	1370 	1412 	
8 	27 	239 	432 	668 	874 	1329 	1371 	1413 	
8 	28 	240 	433 	669 	875 	1330 	1372 	1414 	
8 	29 	241 	434 	670 	876 	1331 	1373 	1415 	
8 	30 	242 	435 	671 	877 	1332 	1374 	1416 	
8 	31 	243 	436 	672 	878 	1333 	1375 	1417 	
8 	32 	244 	437 	631 	879 	1334 	1376 	1418 	
8 	33 	245 	438 	632 	880 	1335 	1377 	1419 	
8 	34 	246 	439 	633 	881 	1336 	1378 	1420 	
8 	35 	247 	440 	634 	882 	1337 	1379 	1421 	
8 	36 	248 	441 	635 	841 	1338 	1380 	1422 	
8 	37 	249 	442 	636 	842 	1339 	1381 	1423 	
8 	38 	250 	443 	637 	843 	1340 	1382 	1424 	
8 	39 	251 	444 	638 	844 	1341 	1383 	1425 	
8 	40 	252 	445 	639 	845 	1342 	1384 	1426 	
8 	41 	211 	446 	640 	846 	1343 	1385 	1427 	
8 	42 	212 	447 	641 	847 	1344 	1386 	1428 	
8 	43 	255 	490 	684 	890 	1303 	1351 	1427 	
8 	44 	256 	491 	685 	891 	1304 	1352 	1428 	
8 	45 	257 	492 	686 	892 	1305 	1353 	1387 	
8 	46 	258 	493 	687 	893 	1306 	1354 	1388 	
8 	47 	259 	494 	688 	894 	1307 	1355 	1389 	
8 	48 	260 	495 	689 	895 	1308 	1356 	1390 	
8 	49 	261 	496 	690 	896 	1309 	1357 	1391 	
8 	50 	262 	497 	691 	897 	1310 	1358 	1392 	
8 	51 	263 	498 	692 	898 	1311 	1359 	1393 	
8 	52 	264 	499 	693 	899 	1312 	1360 	1394 	
8 	53 	265 	500 	694 	900 	1313 	1361 	1395 	
8 	54 	266 	501 	695 	901 	1314 	1362 	1396 	
8 	55 	267 	502 	696 	902 	1315 	1363 	1397 	
8 	56 	268 	503 	697 	903 	1316 	1364 	1398 	
8 	57 	269 	504 	698 	904 	1317 	1365 	1399 	
8 	58 	270 	463 	699 	905 	1318 	1366 	1400 	
8 	59 	271 	464 	700 	906 	1319 	1367 	1401 	
8 	60 	272 	465 	701 	907 	1320 	1368 	1402 	
8 	61 	273 	466 	702 	908 	1321 	1369 	1403 	
8 	62 	274 	467 	703 	909 	1322 	1370 	1404 	
8 	63 	275 	468 	704 	910 	1323 	1371 	1405 	
8 	64 	276 	469 	705 	911 	1324 	1372 	1406 	
8 	65 	277 	470 	706 	912 	1325 	1373 	1407 	
8 	66 	278 	471 	707 	913 	1326 	1374 	1408 	
8 	67 	279 	472 	708 	914 	1327 	1375 	1409 	
8 	68 	280 	473 	709 	915 	1328 	1376 	1410 	
8 	69 	281 	474 	710 	916 	1329 	1377 	1411 	
8 	70 	282 	475 	711 	917 	1330 	1378 	1412 	
8 	71 	283 	476 	712 	918 	1331 	1379 	1413 	
8 	72 	284 	477 	713 	919 	1332 	1380 	1414 	
8 	73 	285 	478 	714 	920 	1333 	1381 	1415 	
8 	74 	286 	479 	673 	921 	1334 	1382 	1416 	
8 	75 	287 	480 	674 	922 	1335 	1383 	1417 	
8 	76 	288 	481 	675 	923 	1336 	1384 	1418 	
8 	77 	289 	482 	676 	924 	1337 	1385 	1419 	
8 	78 	290 	483 	677 	883 	1338 	1386 	1420 	
8 	79 	291 	484 	678 	884 	1339 	1345 	1421 	
8 	80 	292 	485 	679 	885 	1340 	1346 	1422 	
8 	81 	293 	486 	680 	886 	1341 	1347 	1423 	
8 	82 	294 	487 	681 	887 	1342 	1348 	1424 	
8 	83 	253 	488 	682 	888 	1343 	1349 	1425 	
8 	84 	254 	489 	683 	889 	1344 	1350 	1426 	
8 	85 	297 	532 	726 	932 	1303 	1352 	1402 	
8 	86 	298 	533 	727 	933 	1304 	1353 	1403 	
8 	87 	299 	534 	728 	934 	1305 	1354 	1404 	
8 	88 	300 	535 	729 	935 	1306 	1355 	1405 	
8 	89 	301 	536 	730 	936 	1307 	1356 	1406 	
8 	90 	302 	537 	731 	937 	1308 	1357 	1407 	
8 	91 	303 	538 	732 	938 	1309 	1358 	1408 	
8 	92 	304 	539 	733 	939 	1310 	1359 	1409 	
8 	93 	305 	540 	734 	940 	1311 	1360 	1410 	
8 	94 	306 	541 	735 	941 	1312 	1361 	1411 	
8 	95 	307 	542 	736 	942 	1313 	1362 	1412 	
8 	96 	308 	543 	737 	943 	1314 	1363 	1413 	
8 	97 	309 	544 	738 	944 	1315 	1364 	1414 	
8 	98 	310 	545 	739 	945 	1316 	1365 	1415 	
8 	99 	311 	546 	740 	946 	1317 	1366 	1416 	
8 	100 	312 	505 	741 	947 	1318 	1367 	1417 	
8 	101 	313 	506 	742 	948 	1319 	1368 	1418 	
8 	102 	314 	507 	743 	949 	1320 	1369 	1419 	
8 	103 	315 	508 	744 	950 	1321 	1370 	1420 	
8 	104 	316 	509 	745 	951 	1322 	1371 	1421 	
8 	105 	317 	510 	746 	952 	1323 	1372 	1422 	
8 	106 	318 	511 	747 	953 	1324 	1373 	1423 	
8 	107 	319 	512 	748 	954 	1325 	1374 	1424 	
8 	108 	320 	513 	749 	955 	1326 	1375 	1425 	
8 	109 	321 	514 	750 	956 	1327 	1376 	1426 	
8 	110 	322 	515 	751 	957 	1328 	1377 	1427 	
8 	111 	323 	516 	752 	958 	1329 	1378 	1428 	
8 	112 	324 	517 	753 	959 	1330 	1379 	1387 	
8 	113 	325 	518 	754 	960 	1331 	1380 	1388 	
8 	114 	326 	519 	755 	961 	1332 	1381 	1389 	
8 	115 	327 	520 	756 	962 	1333 	1382 	1390 	
8 	116 	328 	521 	715 	963 	1334 	1383 	1391 	
8 	117 	329 	522 	716 	964 	1335 	1384 	1392 	
8 	118 	330 	523 	717 	965 	1336 	1385 	1393 	
8 	119 	331 	524 	718 	966 	1337 	1386 	1394 	
8 	120 	332 	525 	719 	925 	1338 	1345 	1395 	
8 	121 	333 	526 	720 	926 	1339 	1346 	1396 	
8 	122 	334 	527 	721 	927 	1340 	1347 	1397 	
8 	123 	335 	528 	722 	928 	1341 	1348 	1398 	
8 	124 	336 	529 	723 	929 	1342 	1349 	1399 	
8 	125 	295 	530 	724 	930 	1343 	1350 	1400 	
8 	126 	296 	531 	725 	931 	1344 	1351 	1401 	
8 	127 	339 	574 	768 	974 	1303 	1354 	1418 	
8 	128 	340 	575 	769 	975 	1304 	1355 	1419 	
8 	129 	341 	576 	770 	976 	1305 	1356 	1420 	
8 	130 	342 	577 	771 	977 	1306 	1357 	1421 	
8 	131 	343 	578 	772 	978 	1307 	1358 	1422 	
8 	132 	344 	579 	773 	979 	1308 	1359 	1423 	
8 	133 	345 	580 	774 	980 	1309 	1360 	1424 	
8 	134 	346 	581 	775 	981 	1310 	1361 	1425 	
8 	135 	347 	582 	776 	982 	1311 	1362 	1426 	
8 	136 	348 	583 	777 	983 	1312 	1363 	1427 	
8 	137 	349 	584 	778 	984 	1313 	1364 	1428 	
8 	138 	350 	585 	779 	985 	1314 	1365 	1387 	
8 	139 	351 	586 	780 	986 	1315 	1366 	1388 	
8 	140 	352 	587 	781 	987 	1316 	1367 	1389 	
8 	141 	353 	588 	782 	988 	1317 	1368 	1390 	
8 	142 	354 	547 	783 	989 	1318 	1369 	1391 	
8 	143 	355 	548 	784 	990 	1319 	1370 	1392 	
8 	144 	356 	549 	785 	991 	1320 	1371 	1393 	
8 	145 	357 	550 	786 	992 	1321 	1372 	1394 	
8 	146 	358 	551 	787 	993 	1322 	1373 	1395 	
8 	147 	359 	552 	788 	994 	1323 	1374 	1396 	
8 	148 	360 	553 	789 	995 	1324 	1375 	1397 	
8 	149 	361 	554 	790 	996 	1325 	1376 	1398 	
8 	150 	362 	555 	791 	997 	1326 	1377 	1399 	
8 	151 	363 	556 	792 	998 	1327 	1378 	1400 	
8 	152 	364 	557 	793 	999 	1328 	1379 	1401 	
8 	153 	365 	558 	794 	1000 	1329 	1380 	1402 	
8 	154 	366 	559 	795 	1001 	1330 	1381 	1403 	
8 	155 	367 	560 	796 	1002 	1331 	1382 	1404 	
8 	156 	368 	561 	797 	1003 	1332 	1383 	1405 	
8 	157 	369 	562 	798 	1004 	1333 	1384 	1406 	
8 	158 	370 	563 	757 	1005 	1334 	1385 	1407 	
8 	159 	371 	564 	758 	1006 	1335 	1386 	1408 	
8 	160 	372 	565 	759 	1007 	1336 	1345 	1409 	
8 	161 	373 	566 	760 	1008 	1337 	1346 	1410 	
8 	162 	374 	567 	761 	967 	1338 	1347 	1411 	
8 	163 	375 	568 	762 	968 	1339 	1348 	1412 	
8 	164 	376 	569 	763 	969 	1340 	1349 	1413 	
8 	165 	377 	570 	764 	970 	1341 	1350 	1414 	
8 	166 	378 	571 	765 	971 	1342 	1351 	1415 	
8 	167 	337 	572 	766 	972 	1343 	1352 	1416 	
8 	168 	338 	573 	767 	973 	1344 	1353 	1417 	
8 	169 	381 	616 	810 	1016 	1303 	1375 	1422 	
8 	170 	382 	617 	811 	1017 	1304 	1376 	1423 	
8 	171 	383 	618 	812 	1018 	1305 	1377 	1424 	
8 	172 	384 	619 	813 	1019 	1306 	1378 	1425 	
8 	173 	385 	620 	814 	1020 	1307 	1379 	1426 	
8 	174 	386 	621 	815 	1021 	1308 	1380 	1427 	
8 	175 	387 	622 	816 	1022 	1309 	1381 	1428 	
8 	176 	388 	623 	817 	1023 	1310 	1382 	1387 	
8 	177 	389 	624 	818 	1024 	1311 	1383 	1388 	
8 	178 	390 	625 	819 	1025 	1312 	1384 	1389 	
8 	179 	391 	626 	820 	1026 	1313 	1385 	1390 	
8 	180 	392 	627 	821 	1027 	1314 	1386 	1391 	
8 	181 	393 	628 	822 	1028 	1315 	1345 	1392 	
8 	182 	394 	629 	823 	1029 	1316 	1346 	1393 	
8 	183 	395 	630 	824 	1030 	1317 	1347 	1394 	
8 	184 	396 	589 	825 	1031 	1318 	1348 	1395 	
8 	185 	397 	590 	826 	1032 	1319 	1349 	1396 	
8 	186 	398 	591 	827 	1033 	1320 	1350 	1397 	
8 	187 	399 	592 	828 	1034 	1321 	1351 	1398 	
8 	188 	400 	593 	829 	1035 	1322 	1352 	1399 	
8 	189 	401 	594 	830 	1036 	1323 	1353 	1400 	
8 	190 	402 	595 	831 	1037 	1324 	1354 	1401 	
8 	191 	403 	596 	832 	1038 	1325 	1355 	1402 	
8 	192 	404 	597 	833 	1039 	1326 	1356 	1403 	
8 	193 	405 	598 	834 	1040 	1327 	1357 	1404 	
8 	194 	406 	599 	835 	1041 	1328 	1358 	1405 	
8 	195 	407 	600 	836 	1042 	1329 	1359 	1406 	
8 	196 	408 	601 	837 	1043 	1330 	1360 	1407 	
8 	197 	409 	602 	838 	1044 	1331 	1361 	1408 	
8 	198 	410 	603 	839 	1045 	1332 	1362 	1409 	
8 	199 	411 	604 	840 	1046 	1333 	1363 	1410 	
8 	200 	412 	605 	799 	1047 	1334 	1364 	1411 	
8 	201 	413 	606 	800 	1048 	1335 	1365 	1412 	
8 	202 	414 	607 	801 	1049 	1336 	1366 	1413 	
8 	203 	415 	608 	802 	1050 	1337 	1367 	1414 	
8 	204 	416 	609 	803 	1009 	1338 	1368 	1415 	
8 	205 	417 	610 	804 	1010 	1339 	1369 	1416 	
8 	206 	418 	611 	805 	1011 	1340 	1370 	1417 	
8 	207 	419 	612 	806 	1012 	1341 	1371 	1418 	
8 	208 	420 	613 	807 	1013 	1342 	1372 	1419 	
8 	209 	379 	614 	808 	1014 	1343 	1373 	1420 	
8 	210 	380 	615 	809 	1015 	1344 	1374 	1421 	
