544 	 240 
3 	1 	17 	33 	
3 	2 	18 	34 	
3 	3 	19 	35 	
3 	4 	20 	36 	
3 	5 	21 	37 	
3 	6 	22 	38 	
3 	7 	23 	39 	
3 	8 	24 	40 	
3 	9 	25 	41 	
3 	10 	26 	42 	
3 	11 	27 	43 	
3 	12 	28 	44 	
3 	13 	29 	45 	
3 	14 	30 	46 	
3 	15 	31 	47 	
3 	16 	32 	48 	
3 	1 	19 	36 	
3 	2 	20 	37 	
3 	3 	21 	38 	
3 	4 	22 	39 	
3 	5 	23 	40 	
3 	6 	24 	41 	
3 	7 	25 	42 	
3 	8 	26 	43 	
3 	9 	27 	44 	
3 	10 	28 	45 	
3 	11 	29 	46 	
3 	12 	30 	47 	
3 	13 	31 	48 	
3 	14 	32 	33 	
3 	15 	17 	34 	
3 	16 	18 	35 	
3 	1 	21 	43 	
3 	2 	22 	44 	
3 	3 	23 	45 	
3 	4 	24 	46 	
3 	5 	25 	47 	
3 	6 	26 	48 	
3 	7 	27 	33 	
3 	8 	28 	34 	
3 	9 	29 	35 	
3 	10 	30 	36 	
3 	11 	31 	37 	
3 	12 	32 	38 	
3 	13 	17 	39 	
3 	14 	18 	40 	
3 	15 	19 	41 	
3 	16 	20 	42 	
3 	1 	24 	47 	
3 	2 	25 	48 	
3 	3 	26 	33 	
3 	4 	27 	34 	
3 	5 	28 	35 	
3 	6 	29 	36 	
3 	7 	30 	37 	
3 	8 	31 	38 	
3 	9 	32 	39 	
3 	10 	17 	40 	
3 	11 	18 	41 	
3 	12 	19 	42 	
3 	13 	20 	43 	
3 	14 	21 	44 	
3 	15 	22 	45 	
3 	16 	23 	46 	
3 	1 	28 	48 	
3 	2 	29 	33 	
3 	3 	30 	34 	
3 	4 	31 	35 	
3 	5 	32 	36 	
3 	6 	17 	37 	
3 	7 	18 	38 	
3 	8 	19 	39 	
3 	9 	20 	40 	
3 	10 	21 	41 	
3 	11 	22 	42 	
3 	12 	23 	43 	
3 	13 	24 	44 	
3 	14 	25 	45 	
3 	15 	26 	46 	
3 	16 	27 	47 	
3 	49 	65 	81 	
3 	50 	66 	82 	
3 	51 	67 	83 	
3 	52 	68 	84 	
3 	53 	69 	85 	
3 	54 	70 	86 	
3 	55 	71 	87 	
3 	56 	72 	88 	
3 	57 	73 	89 	
3 	58 	74 	90 	
3 	59 	75 	91 	
3 	60 	76 	92 	
3 	61 	77 	93 	
3 	62 	78 	94 	
3 	63 	79 	95 	
3 	64 	80 	96 	
3 	49 	67 	84 	
3 	50 	68 	85 	
3 	51 	69 	86 	
3 	52 	70 	87 	
3 	53 	71 	88 	
3 	54 	72 	89 	
3 	55 	73 	90 	
3 	56 	74 	91 	
3 	57 	75 	92 	
3 	58 	76 	93 	
3 	59 	77 	94 	
3 	60 	78 	95 	
3 	61 	79 	96 	
3 	62 	80 	81 	
3 	63 	65 	82 	
3 	64 	66 	83 	
3 	49 	69 	91 	
3 	50 	70 	92 	
3 	51 	71 	93 	
3 	52 	72 	94 	
3 	53 	73 	95 	
3 	54 	74 	96 	
3 	55 	75 	81 	
3 	56 	76 	82 	
3 	57 	77 	83 	
3 	58 	78 	84 	
3 	59 	79 	85 	
3 	60 	80 	86 	
3 	61 	65 	87 	
3 	62 	66 	88 	
3 	63 	67 	89 	
3 	64 	68 	90 	
3 	49 	72 	95 	
3 	50 	73 	96 	
3 	51 	74 	81 	
3 	52 	75 	82 	
3 	53 	76 	83 	
3 	54 	77 	84 	
3 	55 	78 	85 	
3 	56 	79 	86 	
3 	57 	80 	87 	
3 	58 	65 	88 	
3 	59 	66 	89 	
3 	60 	67 	90 	
3 	61 	68 	91 	
3 	62 	69 	92 	
3 	63 	70 	93 	
3 	64 	71 	94 	
3 	49 	76 	96 	
3 	50 	77 	81 	
3 	51 	78 	82 	
3 	52 	79 	83 	
3 	53 	80 	84 	
3 	54 	65 	85 	
3 	55 	66 	86 	
3 	56 	67 	87 	
3 	57 	68 	88 	
3 	58 	69 	89 	
3 	59 	70 	90 	
3 	60 	71 	91 	
3 	61 	72 	92 	
3 	62 	73 	93 	
3 	63 	74 	94 	
3 	64 	75 	95 	
3 	97 	113 	129 	
3 	98 	114 	130 	
3 	99 	115 	131 	
3 	100 	116 	132 	
3 	101 	117 	133 	
3 	102 	118 	134 	
3 	103 	119 	135 	
3 	104 	120 	136 	
3 	105 	121 	137 	
3 	106 	122 	138 	
3 	107 	123 	139 	
3 	108 	124 	140 	
3 	109 	125 	141 	
3 	110 	126 	142 	
3 	111 	127 	143 	
3 	112 	128 	144 	
3 	97 	115 	132 	
3 	98 	116 	133 	
3 	99 	117 	134 	
3 	100 	118 	135 	
3 	101 	119 	136 	
3 	102 	120 	137 	
3 	103 	121 	138 	
3 	104 	122 	139 	
3 	105 	123 	140 	
3 	106 	124 	141 	
3 	107 	125 	142 	
3 	108 	126 	143 	
3 	109 	127 	144 	
3 	110 	128 	129 	
3 	111 	113 	130 	
3 	112 	114 	131 	
3 	97 	117 	139 	
3 	98 	118 	140 	
3 	99 	119 	141 	
3 	100 	120 	142 	
3 	101 	121 	143 	
3 	102 	122 	144 	
3 	103 	123 	129 	
3 	104 	124 	130 	
3 	105 	125 	131 	
3 	106 	126 	132 	
3 	107 	127 	133 	
3 	108 	128 	134 	
3 	109 	113 	135 	
3 	110 	114 	136 	
3 	111 	115 	137 	
3 	112 	116 	138 	
3 	97 	120 	143 	
3 	98 	121 	144 	
3 	99 	122 	129 	
3 	100 	123 	130 	
3 	101 	124 	131 	
3 	102 	125 	132 	
3 	103 	126 	133 	
3 	104 	127 	134 	
3 	105 	128 	135 	
3 	106 	113 	136 	
3 	107 	114 	137 	
3 	108 	115 	138 	
3 	109 	116 	139 	
3 	110 	117 	140 	
3 	111 	118 	141 	
3 	112 	119 	142 	
3 	97 	124 	144 	
3 	98 	125 	129 	
3 	99 	126 	130 	
3 	100 	127 	131 	
3 	101 	128 	132 	
3 	102 	113 	133 	
3 	103 	114 	134 	
3 	104 	115 	135 	
3 	105 	116 	136 	
3 	106 	117 	137 	
3 	107 	118 	138 	
3 	108 	119 	139 	
3 	109 	120 	140 	
3 	110 	121 	141 	
3 	111 	122 	142 	
3 	112 	123 	143 	
3 	145 	161 	177 	
3 	146 	162 	178 	
3 	147 	163 	179 	
3 	148 	164 	180 	
3 	149 	165 	181 	
3 	150 	166 	182 	
3 	151 	167 	183 	
3 	152 	168 	184 	
3 	153 	169 	185 	
3 	154 	170 	186 	
3 	155 	171 	187 	
3 	156 	172 	188 	
3 	157 	173 	189 	
3 	158 	174 	190 	
3 	159 	175 	191 	
3 	160 	176 	192 	
3 	145 	163 	180 	
3 	146 	164 	181 	
3 	147 	165 	182 	
3 	148 	166 	183 	
3 	149 	167 	184 	
3 	150 	168 	185 	
3 	151 	169 	186 	
3 	152 	170 	187 	
3 	153 	171 	188 	
3 	154 	172 	189 	
3 	155 	173 	190 	
3 	156 	174 	191 	
3 	157 	175 	192 	
3 	158 	176 	177 	
3 	159 	161 	178 	
3 	160 	162 	179 	
3 	145 	165 	187 	
3 	146 	166 	188 	
3 	147 	167 	189 	
3 	148 	168 	190 	
3 	149 	169 	191 	
3 	150 	170 	192 	
3 	151 	171 	177 	
3 	152 	172 	178 	
3 	153 	173 	179 	
3 	154 	174 	180 	
3 	155 	175 	181 	
3 	156 	176 	182 	
3 	157 	161 	183 	
3 	158 	162 	184 	
3 	159 	163 	185 	
3 	160 	164 	186 	
3 	145 	168 	191 	
3 	146 	169 	192 	
3 	147 	170 	177 	
3 	148 	171 	178 	
3 	149 	172 	179 	
3 	150 	173 	180 	
3 	151 	174 	181 	
3 	152 	175 	182 	
3 	153 	176 	183 	
3 	154 	161 	184 	
3 	155 	162 	185 	
3 	156 	163 	186 	
3 	157 	164 	187 	
3 	158 	165 	188 	
3 	159 	166 	189 	
3 	160 	167 	190 	
3 	145 	172 	192 	
3 	146 	173 	177 	
3 	147 	174 	178 	
3 	148 	175 	179 	
3 	149 	176 	180 	
3 	150 	161 	181 	
3 	151 	162 	182 	
3 	152 	163 	183 	
3 	153 	164 	184 	
3 	154 	165 	185 	
3 	155 	166 	186 	
3 	156 	167 	187 	
3 	157 	168 	188 	
3 	158 	169 	189 	
3 	159 	170 	190 	
3 	160 	171 	191 	
3 	193 	209 	225 	
3 	194 	210 	226 	
3 	195 	211 	227 	
3 	196 	212 	228 	
3 	197 	213 	229 	
3 	198 	214 	230 	
3 	199 	215 	231 	
3 	200 	216 	232 	
3 	201 	217 	233 	
3 	202 	218 	234 	
3 	203 	219 	235 	
3 	204 	220 	236 	
3 	205 	221 	237 	
3 	206 	222 	238 	
3 	207 	223 	239 	
3 	208 	224 	240 	
3 	193 	211 	228 	
3 	194 	212 	229 	
3 	195 	213 	230 	
3 	196 	214 	231 	
3 	197 	215 	232 	
3 	198 	216 	233 	
3 	199 	217 	234 	
3 	200 	218 	235 	
3 	201 	219 	236 	
3 	202 	220 	237 	
3 	203 	221 	238 	
3 	204 	222 	239 	
3 	205 	223 	240 	
3 	206 	224 	225 	
3 	207 	209 	226 	
3 	208 	210 	227 	
3 	193 	213 	235 	
3 	194 	214 	236 	
3 	195 	215 	237 	
3 	196 	216 	238 	
3 	197 	217 	239 	
3 	198 	218 	240 	
3 	199 	219 	225 	
3 	200 	220 	226 	
3 	201 	221 	227 	
3 	202 	222 	228 	
3 	203 	223 	229 	
3 	204 	224 	230 	
3 	205 	209 	231 	
3 	206 	210 	232 	
3 	207 	211 	233 	
3 	208 	212 	234 	
3 	193 	216 	239 	
3 	194 	217 	240 	
3 	195 	218 	225 	
3 	196 	219 	226 	
3 	197 	220 	227 	
3 	198 	221 	228 	
3 	199 	222 	229 	
3 	200 	223 	230 	
3 	201 	224 	231 	
3 	202 	209 	232 	
3 	203 	210 	233 	
3 	204 	211 	234 	
3 	205 	212 	235 	
3 	206 	213 	236 	
3 	207 	214 	237 	
3 	208 	215 	238 	
3 	193 	220 	240 	
3 	194 	221 	225 	
3 	195 	222 	226 	
3 	196 	223 	227 	
3 	197 	224 	228 	
3 	198 	209 	229 	
3 	199 	210 	230 	
3 	200 	211 	231 	
3 	201 	212 	232 	
3 	202 	213 	233 	
3 	203 	214 	234 	
3 	204 	215 	235 	
3 	205 	216 	236 	
3 	206 	217 	237 	
3 	207 	218 	238 	
3 	208 	219 	239 	
5 	1 	49 	97 	145 	193 	
5 	2 	50 	98 	146 	194 	
5 	3 	51 	99 	147 	195 	
5 	4 	52 	100 	148 	196 	
5 	5 	53 	101 	149 	197 	
5 	6 	54 	102 	150 	198 	
5 	7 	55 	103 	151 	199 	
5 	8 	56 	104 	152 	200 	
5 	9 	57 	105 	153 	201 	
5 	10 	58 	106 	154 	202 	
5 	11 	59 	107 	155 	203 	
5 	12 	60 	108 	156 	204 	
5 	13 	61 	109 	157 	205 	
5 	14 	62 	110 	158 	206 	
5 	15 	63 	111 	159 	207 	
5 	16 	64 	112 	160 	208 	
5 	17 	65 	113 	161 	209 	
5 	18 	66 	114 	162 	210 	
5 	19 	67 	115 	163 	211 	
5 	20 	68 	116 	164 	212 	
5 	21 	69 	117 	165 	213 	
5 	22 	70 	118 	166 	214 	
5 	23 	71 	119 	167 	215 	
5 	24 	72 	120 	168 	216 	
5 	25 	73 	121 	169 	217 	
5 	26 	74 	122 	170 	218 	
5 	27 	75 	123 	171 	219 	
5 	28 	76 	124 	172 	220 	
5 	29 	77 	125 	173 	221 	
5 	30 	78 	126 	174 	222 	
5 	31 	79 	127 	175 	223 	
5 	32 	80 	128 	176 	224 	
5 	33 	81 	129 	177 	225 	
5 	34 	82 	130 	178 	226 	
5 	35 	83 	131 	179 	227 	
5 	36 	84 	132 	180 	228 	
5 	37 	85 	133 	181 	229 	
5 	38 	86 	134 	182 	230 	
5 	39 	87 	135 	183 	231 	
5 	40 	88 	136 	184 	232 	
5 	41 	89 	137 	185 	233 	
5 	42 	90 	138 	186 	234 	
5 	43 	91 	139 	187 	235 	
5 	44 	92 	140 	188 	236 	
5 	45 	93 	141 	189 	237 	
5 	46 	94 	142 	190 	238 	
5 	47 	95 	143 	191 	239 	
5 	48 	96 	144 	192 	240 	
5 	1 	63 	109 	154 	198 	
5 	2 	64 	110 	155 	199 	
5 	3 	49 	111 	156 	200 	
5 	4 	50 	112 	157 	201 	
5 	5 	51 	97 	158 	202 	
5 	6 	52 	98 	159 	203 	
5 	7 	53 	99 	160 	204 	
5 	8 	54 	100 	145 	205 	
5 	9 	55 	101 	146 	206 	
5 	10 	56 	102 	147 	207 	
5 	11 	57 	103 	148 	208 	
5 	12 	58 	104 	149 	193 	
5 	13 	59 	105 	150 	194 	
5 	14 	60 	106 	151 	195 	
5 	15 	61 	107 	152 	196 	
5 	16 	62 	108 	153 	197 	
5 	17 	79 	125 	170 	214 	
5 	18 	80 	126 	171 	215 	
5 	19 	65 	127 	172 	216 	
5 	20 	66 	128 	173 	217 	
5 	21 	67 	113 	174 	218 	
5 	22 	68 	114 	175 	219 	
5 	23 	69 	115 	176 	220 	
5 	24 	70 	116 	161 	221 	
5 	25 	71 	117 	162 	222 	
5 	26 	72 	118 	163 	223 	
5 	27 	73 	119 	164 	224 	
5 	28 	74 	120 	165 	209 	
5 	29 	75 	121 	166 	210 	
5 	30 	76 	122 	167 	211 	
5 	31 	77 	123 	168 	212 	
5 	32 	78 	124 	169 	213 	
5 	33 	95 	141 	186 	230 	
5 	34 	96 	142 	187 	231 	
5 	35 	81 	143 	188 	232 	
5 	36 	82 	144 	189 	233 	
5 	37 	83 	129 	190 	234 	
5 	38 	84 	130 	191 	235 	
5 	39 	85 	131 	192 	236 	
5 	40 	86 	132 	177 	237 	
5 	41 	87 	133 	178 	238 	
5 	42 	88 	134 	179 	239 	
5 	43 	89 	135 	180 	240 	
5 	44 	90 	136 	181 	225 	
5 	45 	91 	137 	182 	226 	
5 	46 	92 	138 	183 	227 	
5 	47 	93 	139 	184 	228 	
5 	48 	94 	140 	185 	229 	
5 	1 	62 	103 	147 	194 	
5 	2 	63 	104 	148 	195 	
5 	3 	64 	105 	149 	196 	
5 	4 	49 	106 	150 	197 	
5 	5 	50 	107 	151 	198 	
5 	6 	51 	108 	152 	199 	
5 	7 	52 	109 	153 	200 	
5 	8 	53 	110 	154 	201 	
5 	9 	54 	111 	155 	202 	
5 	10 	55 	112 	156 	203 	
5 	11 	56 	97 	157 	204 	
5 	12 	57 	98 	158 	205 	
5 	13 	58 	99 	159 	206 	
5 	14 	59 	100 	160 	207 	
5 	15 	60 	101 	145 	208 	
5 	16 	61 	102 	146 	193 	
5 	17 	78 	119 	163 	210 	
5 	18 	79 	120 	164 	211 	
5 	19 	80 	121 	165 	212 	
5 	20 	65 	122 	166 	213 	
5 	21 	66 	123 	167 	214 	
5 	22 	67 	124 	168 	215 	
5 	23 	68 	125 	169 	216 	
5 	24 	69 	126 	170 	217 	
5 	25 	70 	127 	171 	218 	
5 	26 	71 	128 	172 	219 	
5 	27 	72 	113 	173 	220 	
5 	28 	73 	114 	174 	221 	
5 	29 	74 	115 	175 	222 	
5 	30 	75 	116 	176 	223 	
5 	31 	76 	117 	161 	224 	
5 	32 	77 	118 	162 	209 	
5 	33 	94 	135 	179 	226 	
5 	34 	95 	136 	180 	227 	
5 	35 	96 	137 	181 	228 	
5 	36 	81 	138 	182 	229 	
5 	37 	82 	139 	183 	230 	
5 	38 	83 	140 	184 	231 	
5 	39 	84 	141 	185 	232 	
5 	40 	85 	142 	186 	233 	
5 	41 	86 	143 	187 	234 	
5 	42 	87 	144 	188 	235 	
5 	43 	88 	129 	189 	236 	
5 	44 	89 	130 	190 	237 	
5 	45 	90 	131 	191 	238 	
5 	46 	91 	132 	192 	239 	
5 	47 	92 	133 	177 	240 	
5 	48 	93 	134 	178 	225 	
8 	1 	17 	33 	49 	65 	401 	449 	497 	
8 	2 	18 	34 	50 	66 	402 	450 	498 	
8 	3 	19 	35 	51 	67 	403 	451 	499 	
8 	4 	20 	36 	52 	68 	404 	452 	500 	
8 	5 	21 	37 	53 	69 	405 	453 	501 	
8 	6 	22 	38 	54 	70 	406 	454 	502 	
8 	7 	23 	39 	55 	71 	407 	455 	503 	
8 	8 	24 	40 	56 	72 	408 	456 	504 	
8 	9 	25 	41 	57 	73 	409 	457 	505 	
8 	10 	26 	42 	58 	74 	410 	458 	506 	
8 	11 	27 	43 	59 	75 	411 	459 	507 	
8 	12 	28 	44 	60 	76 	412 	460 	508 	
8 	13 	29 	45 	61 	77 	413 	461 	509 	
8 	14 	30 	46 	62 	78 	414 	462 	510 	
8 	15 	31 	47 	63 	79 	415 	463 	511 	
8 	16 	32 	48 	64 	80 	416 	464 	512 	
8 	1 	31 	45 	58 	70 	417 	465 	513 	
8 	2 	32 	46 	59 	71 	418 	466 	514 	
8 	3 	17 	47 	60 	72 	419 	467 	515 	
8 	4 	18 	48 	61 	73 	420 	468 	516 	
8 	5 	19 	33 	62 	74 	421 	469 	517 	
8 	6 	20 	34 	63 	75 	422 	470 	518 	
8 	7 	21 	35 	64 	76 	423 	471 	519 	
8 	8 	22 	36 	49 	77 	424 	472 	520 	
8 	9 	23 	37 	50 	78 	425 	473 	521 	
8 	10 	24 	38 	51 	79 	426 	474 	522 	
8 	11 	25 	39 	52 	80 	427 	475 	523 	
8 	12 	26 	40 	53 	65 	428 	476 	524 	
8 	13 	27 	41 	54 	66 	429 	477 	525 	
8 	14 	28 	42 	55 	67 	430 	478 	526 	
8 	15 	29 	43 	56 	68 	431 	479 	527 	
8 	16 	30 	44 	57 	69 	432 	480 	528 	
8 	1 	30 	39 	51 	66 	433 	481 	529 	
8 	2 	31 	40 	52 	67 	434 	482 	530 	
8 	3 	32 	41 	53 	68 	435 	483 	531 	
8 	4 	17 	42 	54 	69 	436 	484 	532 	
8 	5 	18 	43 	55 	70 	437 	485 	533 	
8 	6 	19 	44 	56 	71 	438 	486 	534 	
8 	7 	20 	45 	57 	72 	439 	487 	535 	
8 	8 	21 	46 	58 	73 	440 	488 	536 	
8 	9 	22 	47 	59 	74 	441 	489 	537 	
8 	10 	23 	48 	60 	75 	442 	490 	538 	
8 	11 	24 	33 	61 	76 	443 	491 	539 	
8 	12 	25 	34 	62 	77 	444 	492 	540 	
8 	13 	26 	35 	63 	78 	445 	493 	541 	
8 	14 	27 	36 	64 	79 	446 	494 	542 	
8 	15 	28 	37 	49 	80 	447 	495 	543 	
8 	16 	29 	38 	50 	65 	448 	496 	544 	
8 	81 	97 	113 	129 	145 	401 	451 	500 	
8 	82 	98 	114 	130 	146 	402 	452 	501 	
8 	83 	99 	115 	131 	147 	403 	453 	502 	
8 	84 	100 	116 	132 	148 	404 	454 	503 	
8 	85 	101 	117 	133 	149 	405 	455 	504 	
8 	86 	102 	118 	134 	150 	406 	456 	505 	
8 	87 	103 	119 	135 	151 	407 	457 	506 	
8 	88 	104 	120 	136 	152 	408 	458 	507 	
8 	89 	105 	121 	137 	153 	409 	459 	508 	
8 	90 	106 	122 	138 	154 	410 	460 	509 	
8 	91 	107 	123 	139 	155 	411 	461 	510 	
8 	92 	108 	124 	140 	156 	412 	462 	511 	
8 	93 	109 	125 	141 	157 	413 	463 	512 	
8 	94 	110 	126 	142 	158 	414 	464 	497 	
8 	95 	111 	127 	143 	159 	415 	449 	498 	
8 	96 	112 	128 	144 	160 	416 	450 	499 	
8 	81 	111 	125 	138 	150 	417 	467 	516 	
8 	82 	112 	126 	139 	151 	418 	468 	517 	
8 	83 	97 	127 	140 	152 	419 	469 	518 	
8 	84 	98 	128 	141 	153 	420 	470 	519 	
8 	85 	99 	113 	142 	154 	421 	471 	520 	
8 	86 	100 	114 	143 	155 	422 	472 	521 	
8 	87 	101 	115 	144 	156 	423 	473 	522 	
8 	88 	102 	116 	129 	157 	424 	474 	523 	
8 	89 	103 	117 	130 	158 	425 	475 	524 	
8 	90 	104 	118 	131 	159 	426 	476 	525 	
8 	91 	105 	119 	132 	160 	427 	477 	526 	
8 	92 	106 	120 	133 	145 	428 	478 	527 	
8 	93 	107 	121 	134 	146 	429 	479 	528 	
8 	94 	108 	122 	135 	147 	430 	480 	513 	
8 	95 	109 	123 	136 	148 	431 	465 	514 	
8 	96 	110 	124 	137 	149 	432 	466 	515 	
8 	81 	110 	119 	131 	146 	433 	483 	532 	
8 	82 	111 	120 	132 	147 	434 	484 	533 	
8 	83 	112 	121 	133 	148 	435 	485 	534 	
8 	84 	97 	122 	134 	149 	436 	486 	535 	
8 	85 	98 	123 	135 	150 	437 	487 	536 	
8 	86 	99 	124 	136 	151 	438 	488 	537 	
8 	87 	100 	125 	137 	152 	439 	489 	538 	
8 	88 	101 	126 	138 	153 	440 	490 	539 	
8 	89 	102 	127 	139 	154 	441 	491 	540 	
8 	90 	103 	128 	140 	155 	442 	492 	541 	
8 	91 	104 	113 	141 	156 	443 	493 	542 	
8 	92 	105 	114 	142 	157 	444 	494 	543 	
8 	93 	106 	115 	143 	158 	445 	495 	544 	
8 	94 	107 	116 	144 	159 	446 	496 	529 	
8 	95 	108 	117 	129 	160 	447 	481 	530 	
8 	96 	109 	118 	130 	145 	448 	482 	531 	
8 	161 	177 	193 	209 	225 	401 	453 	507 	
8 	162 	178 	194 	210 	226 	402 	454 	508 	
8 	163 	179 	195 	211 	227 	403 	455 	509 	
8 	164 	180 	196 	212 	228 	404 	456 	510 	
8 	165 	181 	197 	213 	229 	405 	457 	511 	
8 	166 	182 	198 	214 	230 	406 	458 	512 	
8 	167 	183 	199 	215 	231 	407 	459 	497 	
8 	168 	184 	200 	216 	232 	408 	460 	498 	
8 	169 	185 	201 	217 	233 	409 	461 	499 	
8 	170 	186 	202 	218 	234 	410 	462 	500 	
8 	171 	187 	203 	219 	235 	411 	463 	501 	
8 	172 	188 	204 	220 	236 	412 	464 	502 	
8 	173 	189 	205 	221 	237 	413 	449 	503 	
8 	174 	190 	206 	222 	238 	414 	450 	504 	
8 	175 	191 	207 	223 	239 	415 	451 	505 	
8 	176 	192 	208 	224 	240 	416 	452 	506 	
8 	161 	191 	205 	218 	230 	417 	469 	523 	
8 	162 	192 	206 	219 	231 	418 	470 	524 	
8 	163 	177 	207 	220 	232 	419 	471 	525 	
8 	164 	178 	208 	221 	233 	420 	472 	526 	
8 	165 	179 	193 	222 	234 	421 	473 	527 	
8 	166 	180 	194 	223 	235 	422 	474 	528 	
8 	167 	181 	195 	224 	236 	423 	475 	513 	
8 	168 	182 	196 	209 	237 	424 	476 	514 	
8 	169 	183 	197 	210 	238 	425 	477 	515 	
8 	170 	184 	198 	211 	239 	426 	478 	516 	
8 	171 	185 	199 	212 	240 	427 	479 	517 	
8 	172 	186 	200 	213 	225 	428 	480 	518 	
8 	173 	187 	201 	214 	226 	429 	465 	519 	
8 	174 	188 	202 	215 	227 	430 	466 	520 	
8 	175 	189 	203 	216 	228 	431 	467 	521 	
8 	176 	190 	204 	217 	229 	432 	468 	522 	
8 	161 	190 	199 	211 	226 	433 	485 	539 	
8 	162 	191 	200 	212 	227 	434 	486 	540 	
8 	163 	192 	201 	213 	228 	435 	487 	541 	
8 	164 	177 	202 	214 	229 	436 	488 	542 	
8 	165 	178 	203 	215 	230 	437 	489 	543 	
8 	166 	179 	204 	216 	231 	438 	490 	544 	
8 	167 	180 	205 	217 	232 	439 	491 	529 	
8 	168 	181 	206 	218 	233 	440 	492 	530 	
8 	169 	182 	207 	219 	234 	441 	493 	531 	
8 	170 	183 	208 	220 	235 	442 	494 	532 	
8 	171 	184 	193 	221 	236 	443 	495 	533 	
8 	172 	185 	194 	222 	237 	444 	496 	534 	
8 	173 	186 	195 	223 	238 	445 	481 	535 	
8 	174 	187 	196 	224 	239 	446 	482 	536 	
8 	175 	188 	197 	209 	240 	447 	483 	537 	
8 	176 	189 	198 	210 	225 	448 	484 	538 	
8 	241 	257 	273 	289 	305 	401 	456 	511 	
8 	242 	258 	274 	290 	306 	402 	457 	512 	
8 	243 	259 	275 	291 	307 	403 	458 	497 	
8 	244 	260 	276 	292 	308 	404 	459 	498 	
8 	245 	261 	277 	293 	309 	405 	460 	499 	
8 	246 	262 	278 	294 	310 	406 	461 	500 	
8 	247 	263 	279 	295 	311 	407 	462 	501 	
8 	248 	264 	280 	296 	312 	408 	463 	502 	
8 	249 	265 	281 	297 	313 	409 	464 	503 	
8 	250 	266 	282 	298 	314 	410 	449 	504 	
8 	251 	267 	283 	299 	315 	411 	450 	505 	
8 	252 	268 	284 	300 	316 	412 	451 	506 	
8 	253 	269 	285 	301 	317 	413 	452 	507 	
8 	254 	270 	286 	302 	318 	414 	453 	508 	
8 	255 	271 	287 	303 	319 	415 	454 	509 	
8 	256 	272 	288 	304 	320 	416 	455 	510 	
8 	241 	271 	285 	298 	310 	417 	472 	527 	
8 	242 	272 	286 	299 	311 	418 	473 	528 	
8 	243 	257 	287 	300 	312 	419 	474 	513 	
8 	244 	258 	288 	301 	313 	420 	475 	514 	
8 	245 	259 	273 	302 	314 	421 	476 	515 	
8 	246 	260 	274 	303 	315 	422 	477 	516 	
8 	247 	261 	275 	304 	316 	423 	478 	517 	
8 	248 	262 	276 	289 	317 	424 	479 	518 	
8 	249 	263 	277 	290 	318 	425 	480 	519 	
8 	250 	264 	278 	291 	319 	426 	465 	520 	
8 	251 	265 	279 	292 	320 	427 	466 	521 	
8 	252 	266 	280 	293 	305 	428 	467 	522 	
8 	253 	267 	281 	294 	306 	429 	468 	523 	
8 	254 	268 	282 	295 	307 	430 	469 	524 	
8 	255 	269 	283 	296 	308 	431 	470 	525 	
8 	256 	270 	284 	297 	309 	432 	471 	526 	
8 	241 	270 	279 	291 	306 	433 	488 	543 	
8 	242 	271 	280 	292 	307 	434 	489 	544 	
8 	243 	272 	281 	293 	308 	435 	490 	529 	
8 	244 	257 	282 	294 	309 	436 	491 	530 	
8 	245 	258 	283 	295 	310 	437 	492 	531 	
8 	246 	259 	284 	296 	311 	438 	493 	532 	
8 	247 	260 	285 	297 	312 	439 	494 	533 	
8 	248 	261 	286 	298 	313 	440 	495 	534 	
8 	249 	262 	287 	299 	314 	441 	496 	535 	
8 	250 	263 	288 	300 	315 	442 	481 	536 	
8 	251 	264 	273 	301 	316 	443 	482 	537 	
8 	252 	265 	274 	302 	317 	444 	483 	538 	
8 	253 	266 	275 	303 	318 	445 	484 	539 	
8 	254 	267 	276 	304 	319 	446 	485 	540 	
8 	255 	268 	277 	289 	320 	447 	486 	541 	
8 	256 	269 	278 	290 	305 	448 	487 	542 	
8 	321 	337 	353 	369 	385 	401 	460 	512 	
8 	322 	338 	354 	370 	386 	402 	461 	497 	
8 	323 	339 	355 	371 	387 	403 	462 	498 	
8 	324 	340 	356 	372 	388 	404 	463 	499 	
8 	325 	341 	357 	373 	389 	405 	464 	500 	
8 	326 	342 	358 	374 	390 	406 	449 	501 	
8 	327 	343 	359 	375 	391 	407 	450 	502 	
8 	328 	344 	360 	376 	392 	408 	451 	503 	
8 	329 	345 	361 	377 	393 	409 	452 	504 	
8 	330 	346 	362 	378 	394 	410 	453 	505 	
8 	331 	347 	363 	379 	395 	411 	454 	506 	
8 	332 	348 	364 	380 	396 	412 	455 	507 	
8 	333 	349 	365 	381 	397 	413 	456 	508 	
8 	334 	350 	366 	382 	398 	414 	457 	509 	
8 	335 	351 	367 	383 	399 	415 	458 	510 	
8 	336 	352 	368 	384 	400 	416 	459 	511 	
8 	321 	351 	365 	378 	390 	417 	476 	528 	
8 	322 	352 	366 	379 	391 	418 	477 	513 	
8 	323 	337 	367 	380 	392 	419 	478 	514 	
8 	324 	338 	368 	381 	393 	420 	479 	515 	
8 	325 	339 	353 	382 	394 	421 	480 	516 	
8 	326 	340 	354 	383 	395 	422 	465 	517 	
8 	327 	341 	355 	384 	396 	423 	466 	518 	
8 	328 	342 	356 	369 	397 	424 	467 	519 	
8 	329 	343 	357 	370 	398 	425 	468 	520 	
8 	330 	344 	358 	371 	399 	426 	469 	521 	
8 	331 	345 	359 	372 	400 	427 	470 	522 	
8 	332 	346 	360 	373 	385 	428 	471 	523 	
8 	333 	347 	361 	374 	386 	429 	472 	524 	
8 	334 	348 	362 	375 	387 	430 	473 	525 	
8 	335 	349 	363 	376 	388 	431 	474 	526 	
8 	336 	350 	364 	377 	389 	432 	475 	527 	
8 	321 	350 	359 	371 	386 	433 	492 	544 	
8 	322 	351 	360 	372 	387 	434 	493 	529 	
8 	323 	352 	361 	373 	388 	435 	494 	530 	
8 	324 	337 	362 	374 	389 	436 	495 	531 	
8 	325 	338 	363 	375 	390 	437 	496 	532 	
8 	326 	339 	364 	376 	391 	438 	481 	533 	
8 	327 	340 	365 	377 	392 	439 	482 	534 	
8 	328 	341 	366 	378 	393 	440 	483 	535 	
8 	329 	342 	367 	379 	394 	441 	484 	536 	
8 	330 	343 	368 	380 	395 	442 	485 	537 	
8 	331 	344 	353 	381 	396 	443 	486 	538 	
8 	332 	345 	354 	382 	397 	444 	487 	539 	
8 	333 	346 	355 	383 	398 	445 	488 	540 	
8 	334 	347 	356 	384 	399 	446 	489 	541 	
8 	335 	348 	357 	369 	400 	447 	490 	542 	
8 	336 	349 	358 	370 	385 	448 	491 	543 	
