714 	 315 
3 	1 	106 	211 	
3 	2 	107 	212 	
3 	3 	108 	213 	
3 	4 	109 	214 	
3 	5 	110 	215 	
3 	6 	111 	216 	
3 	7 	112 	217 	
3 	8 	113 	218 	
3 	9 	114 	219 	
3 	10 	115 	220 	
3 	11 	116 	221 	
3 	12 	117 	222 	
3 	13 	118 	223 	
3 	14 	119 	224 	
3 	15 	120 	225 	
3 	16 	121 	226 	
3 	17 	122 	227 	
3 	18 	123 	228 	
3 	19 	124 	229 	
3 	20 	125 	230 	
3 	21 	126 	231 	
3 	22 	127 	232 	
3 	23 	128 	233 	
3 	24 	129 	234 	
3 	25 	130 	235 	
3 	26 	131 	236 	
3 	27 	132 	237 	
3 	28 	133 	238 	
3 	29 	134 	239 	
3 	30 	135 	240 	
3 	31 	136 	241 	
3 	32 	137 	242 	
3 	33 	138 	243 	
3 	34 	139 	244 	
3 	35 	140 	245 	
3 	36 	141 	246 	
3 	37 	142 	247 	
3 	38 	143 	248 	
3 	39 	144 	249 	
3 	40 	145 	250 	
3 	41 	146 	251 	
3 	42 	147 	252 	
3 	43 	148 	253 	
3 	44 	149 	254 	
3 	45 	150 	255 	
3 	46 	151 	256 	
3 	47 	152 	257 	
3 	48 	153 	258 	
3 	49 	154 	259 	
3 	50 	155 	260 	
3 	51 	156 	261 	
3 	52 	157 	262 	
3 	53 	158 	263 	
3 	54 	159 	264 	
3 	55 	160 	265 	
3 	56 	161 	266 	
3 	57 	162 	267 	
3 	58 	163 	268 	
3 	59 	164 	269 	
3 	60 	165 	270 	
3 	61 	166 	271 	
3 	62 	167 	272 	
3 	63 	168 	273 	
3 	64 	169 	274 	
3 	65 	170 	275 	
3 	66 	171 	276 	
3 	67 	172 	277 	
3 	68 	173 	278 	
3 	69 	174 	279 	
3 	70 	175 	280 	
3 	71 	176 	281 	
3 	72 	177 	282 	
3 	73 	178 	283 	
3 	74 	179 	284 	
3 	75 	180 	285 	
3 	76 	181 	286 	
3 	77 	182 	287 	
3 	78 	183 	288 	
3 	79 	184 	289 	
3 	80 	185 	290 	
3 	81 	186 	291 	
3 	82 	187 	292 	
3 	83 	188 	293 	
3 	84 	189 	294 	
3 	85 	190 	295 	
3 	86 	191 	296 	
3 	87 	192 	297 	
3 	88 	193 	298 	
3 	89 	194 	299 	
3 	90 	195 	300 	
3 	91 	196 	301 	
3 	92 	197 	302 	
3 	93 	198 	303 	
3 	94 	199 	304 	
3 	95 	200 	305 	
3 	96 	201 	306 	
3 	97 	202 	307 	
3 	98 	203 	308 	
3 	99 	204 	309 	
3 	100 	205 	310 	
3 	101 	206 	311 	
3 	102 	207 	312 	
3 	103 	208 	313 	
3 	104 	209 	314 	
3 	105 	210 	315 	
3 	1 	110 	225 	
3 	2 	111 	226 	
3 	3 	112 	227 	
3 	4 	113 	228 	
3 	5 	114 	229 	
3 	6 	115 	230 	
3 	7 	116 	231 	
3 	8 	117 	211 	
3 	9 	118 	212 	
3 	10 	119 	213 	
3 	11 	120 	214 	
3 	12 	121 	215 	
3 	13 	122 	216 	
3 	14 	123 	217 	
3 	15 	124 	218 	
3 	16 	125 	219 	
3 	17 	126 	220 	
3 	18 	106 	221 	
3 	19 	107 	222 	
3 	20 	108 	223 	
3 	21 	109 	224 	
3 	22 	131 	246 	
3 	23 	132 	247 	
3 	24 	133 	248 	
3 	25 	134 	249 	
3 	26 	135 	250 	
3 	27 	136 	251 	
3 	28 	137 	252 	
3 	29 	138 	232 	
3 	30 	139 	233 	
3 	31 	140 	234 	
3 	32 	141 	235 	
3 	33 	142 	236 	
3 	34 	143 	237 	
3 	35 	144 	238 	
3 	36 	145 	239 	
3 	37 	146 	240 	
3 	38 	147 	241 	
3 	39 	127 	242 	
3 	40 	128 	243 	
3 	41 	129 	244 	
3 	42 	130 	245 	
3 	43 	152 	267 	
3 	44 	153 	268 	
3 	45 	154 	269 	
3 	46 	155 	270 	
3 	47 	156 	271 	
3 	48 	157 	272 	
3 	49 	158 	273 	
3 	50 	159 	253 	
3 	51 	160 	254 	
3 	52 	161 	255 	
3 	53 	162 	256 	
3 	54 	163 	257 	
3 	55 	164 	258 	
3 	56 	165 	259 	
3 	57 	166 	260 	
3 	58 	167 	261 	
3 	59 	168 	262 	
3 	60 	148 	263 	
3 	61 	149 	264 	
3 	62 	150 	265 	
3 	63 	151 	266 	
3 	64 	173 	288 	
3 	65 	174 	289 	
3 	66 	175 	290 	
3 	67 	176 	291 	
3 	68 	177 	292 	
3 	69 	178 	293 	
3 	70 	179 	294 	
3 	71 	180 	274 	
3 	72 	181 	275 	
3 	73 	182 	276 	
3 	74 	183 	277 	
3 	75 	184 	278 	
3 	76 	185 	279 	
3 	77 	186 	280 	
3 	78 	187 	281 	
3 	79 	188 	282 	
3 	80 	189 	283 	
3 	81 	169 	284 	
3 	82 	170 	285 	
3 	83 	171 	286 	
3 	84 	172 	287 	
3 	85 	194 	309 	
3 	86 	195 	310 	
3 	87 	196 	311 	
3 	88 	197 	312 	
3 	89 	198 	313 	
3 	90 	199 	314 	
3 	91 	200 	315 	
3 	92 	201 	295 	
3 	93 	202 	296 	
3 	94 	203 	297 	
3 	95 	204 	298 	
3 	96 	205 	299 	
3 	97 	206 	300 	
3 	98 	207 	301 	
3 	99 	208 	302 	
3 	100 	209 	303 	
3 	101 	210 	304 	
3 	102 	190 	305 	
3 	103 	191 	306 	
3 	104 	192 	307 	
3 	105 	193 	308 	
3 	1 	111 	229 	
3 	2 	112 	230 	
3 	3 	113 	231 	
3 	4 	114 	211 	
3 	5 	115 	212 	
3 	6 	116 	213 	
3 	7 	117 	214 	
3 	8 	118 	215 	
3 	9 	119 	216 	
3 	10 	120 	217 	
3 	11 	121 	218 	
3 	12 	122 	219 	
3 	13 	123 	220 	
3 	14 	124 	221 	
3 	15 	125 	222 	
3 	16 	126 	223 	
3 	17 	106 	224 	
3 	18 	107 	225 	
3 	19 	108 	226 	
3 	20 	109 	227 	
3 	21 	110 	228 	
3 	22 	132 	250 	
3 	23 	133 	251 	
3 	24 	134 	252 	
3 	25 	135 	232 	
3 	26 	136 	233 	
3 	27 	137 	234 	
3 	28 	138 	235 	
3 	29 	139 	236 	
3 	30 	140 	237 	
3 	31 	141 	238 	
3 	32 	142 	239 	
3 	33 	143 	240 	
3 	34 	144 	241 	
3 	35 	145 	242 	
3 	36 	146 	243 	
3 	37 	147 	244 	
3 	38 	127 	245 	
3 	39 	128 	246 	
3 	40 	129 	247 	
3 	41 	130 	248 	
3 	42 	131 	249 	
3 	43 	153 	271 	
3 	44 	154 	272 	
3 	45 	155 	273 	
3 	46 	156 	253 	
3 	47 	157 	254 	
3 	48 	158 	255 	
3 	49 	159 	256 	
3 	50 	160 	257 	
3 	51 	161 	258 	
3 	52 	162 	259 	
3 	53 	163 	260 	
3 	54 	164 	261 	
3 	55 	165 	262 	
3 	56 	166 	263 	
3 	57 	167 	264 	
3 	58 	168 	265 	
3 	59 	148 	266 	
3 	60 	149 	267 	
3 	61 	150 	268 	
3 	62 	151 	269 	
3 	63 	152 	270 	
3 	64 	174 	292 	
3 	65 	175 	293 	
3 	66 	176 	294 	
3 	67 	177 	274 	
3 	68 	178 	275 	
3 	69 	179 	276 	
3 	70 	180 	277 	
3 	71 	181 	278 	
3 	72 	182 	279 	
3 	73 	183 	280 	
3 	74 	184 	281 	
3 	75 	185 	282 	
3 	76 	186 	283 	
3 	77 	187 	284 	
3 	78 	188 	285 	
3 	79 	189 	286 	
3 	80 	169 	287 	
3 	81 	170 	288 	
3 	82 	171 	289 	
3 	83 	172 	290 	
3 	84 	173 	291 	
3 	85 	195 	313 	
3 	86 	196 	314 	
3 	87 	197 	315 	
3 	88 	198 	295 	
3 	89 	199 	296 	
3 	90 	200 	297 	
3 	91 	201 	298 	
3 	92 	202 	299 	
3 	93 	203 	300 	
3 	94 	204 	301 	
3 	95 	205 	302 	
3 	96 	206 	303 	
3 	97 	207 	304 	
3 	98 	208 	305 	
3 	99 	209 	306 	
3 	100 	210 	307 	
3 	101 	190 	308 	
3 	102 	191 	309 	
3 	103 	192 	310 	
3 	104 	193 	311 	
3 	105 	194 	312 	
3 	1 	113 	223 	
3 	2 	114 	224 	
3 	3 	115 	225 	
3 	4 	116 	226 	
3 	5 	117 	227 	
3 	6 	118 	228 	
3 	7 	119 	229 	
3 	8 	120 	230 	
3 	9 	121 	231 	
3 	10 	122 	211 	
3 	11 	123 	212 	
3 	12 	124 	213 	
3 	13 	125 	214 	
3 	14 	126 	215 	
3 	15 	106 	216 	
3 	16 	107 	217 	
3 	17 	108 	218 	
3 	18 	109 	219 	
3 	19 	110 	220 	
3 	20 	111 	221 	
3 	21 	112 	222 	
3 	22 	134 	244 	
3 	23 	135 	245 	
3 	24 	136 	246 	
3 	25 	137 	247 	
3 	26 	138 	248 	
3 	27 	139 	249 	
3 	28 	140 	250 	
3 	29 	141 	251 	
3 	30 	142 	252 	
3 	31 	143 	232 	
3 	32 	144 	233 	
3 	33 	145 	234 	
3 	34 	146 	235 	
3 	35 	147 	236 	
3 	36 	127 	237 	
3 	37 	128 	238 	
3 	38 	129 	239 	
3 	39 	130 	240 	
3 	40 	131 	241 	
3 	41 	132 	242 	
3 	42 	133 	243 	
3 	43 	155 	265 	
3 	44 	156 	266 	
3 	45 	157 	267 	
3 	46 	158 	268 	
3 	47 	159 	269 	
3 	48 	160 	270 	
3 	49 	161 	271 	
3 	50 	162 	272 	
3 	51 	163 	273 	
3 	52 	164 	253 	
3 	53 	165 	254 	
3 	54 	166 	255 	
3 	55 	167 	256 	
3 	56 	168 	257 	
3 	57 	148 	258 	
3 	58 	149 	259 	
3 	59 	150 	260 	
3 	60 	151 	261 	
3 	61 	152 	262 	
3 	62 	153 	263 	
3 	63 	154 	264 	
3 	64 	176 	286 	
3 	65 	177 	287 	
3 	66 	178 	288 	
3 	67 	179 	289 	
3 	68 	180 	290 	
3 	69 	181 	291 	
3 	70 	182 	292 	
3 	71 	183 	293 	
3 	72 	184 	294 	
3 	73 	185 	274 	
3 	74 	186 	275 	
3 	75 	187 	276 	
3 	76 	188 	277 	
3 	77 	189 	278 	
3 	78 	169 	279 	
3 	79 	170 	280 	
3 	80 	171 	281 	
3 	81 	172 	282 	
3 	82 	173 	283 	
3 	83 	174 	284 	
3 	84 	175 	285 	
3 	85 	197 	307 	
3 	86 	198 	308 	
3 	87 	199 	309 	
3 	88 	200 	310 	
3 	89 	201 	311 	
3 	90 	202 	312 	
3 	91 	203 	313 	
3 	92 	204 	314 	
3 	93 	205 	315 	
3 	94 	206 	295 	
3 	95 	207 	296 	
3 	96 	208 	297 	
3 	97 	209 	298 	
3 	98 	210 	299 	
3 	99 	190 	300 	
3 	100 	191 	301 	
3 	101 	192 	302 	
3 	102 	193 	303 	
3 	103 	194 	304 	
3 	104 	195 	305 	
3 	105 	196 	306 	
3 	1 	123 	222 	
3 	2 	124 	223 	
3 	3 	125 	224 	
3 	4 	126 	225 	
3 	5 	106 	226 	
3 	6 	107 	227 	
3 	7 	108 	228 	
3 	8 	109 	229 	
3 	9 	110 	230 	
3 	10 	111 	231 	
3 	11 	112 	211 	
3 	12 	113 	212 	
3 	13 	114 	213 	
3 	14 	115 	214 	
3 	15 	116 	215 	
3 	16 	117 	216 	
3 	17 	118 	217 	
3 	18 	119 	218 	
3 	19 	120 	219 	
3 	20 	121 	220 	
3 	21 	122 	221 	
3 	22 	144 	243 	
3 	23 	145 	244 	
3 	24 	146 	245 	
3 	25 	147 	246 	
3 	26 	127 	247 	
3 	27 	128 	248 	
3 	28 	129 	249 	
3 	29 	130 	250 	
3 	30 	131 	251 	
3 	31 	132 	252 	
3 	32 	133 	232 	
3 	33 	134 	233 	
3 	34 	135 	234 	
3 	35 	136 	235 	
3 	36 	137 	236 	
3 	37 	138 	237 	
3 	38 	139 	238 	
3 	39 	140 	239 	
3 	40 	141 	240 	
3 	41 	142 	241 	
3 	42 	143 	242 	
3 	43 	165 	264 	
3 	44 	166 	265 	
3 	45 	167 	266 	
3 	46 	168 	267 	
3 	47 	148 	268 	
3 	48 	149 	269 	
3 	49 	150 	270 	
3 	50 	151 	271 	
3 	51 	152 	272 	
3 	52 	153 	273 	
3 	53 	154 	253 	
3 	54 	155 	254 	
3 	55 	156 	255 	
3 	56 	157 	256 	
3 	57 	158 	257 	
3 	58 	159 	258 	
3 	59 	160 	259 	
3 	60 	161 	260 	
3 	61 	162 	261 	
3 	62 	163 	262 	
3 	63 	164 	263 	
3 	64 	186 	285 	
3 	65 	187 	286 	
3 	66 	188 	287 	
3 	67 	189 	288 	
3 	68 	169 	289 	
3 	69 	170 	290 	
3 	70 	171 	291 	
3 	71 	172 	292 	
3 	72 	173 	293 	
3 	73 	174 	294 	
3 	74 	175 	274 	
3 	75 	176 	275 	
3 	76 	177 	276 	
3 	77 	178 	277 	
3 	78 	179 	278 	
3 	79 	180 	279 	
3 	80 	181 	280 	
3 	81 	182 	281 	
3 	82 	183 	282 	
3 	83 	184 	283 	
3 	84 	185 	284 	
3 	85 	207 	306 	
3 	86 	208 	307 	
3 	87 	209 	308 	
3 	88 	210 	309 	
3 	89 	190 	310 	
3 	90 	191 	311 	
3 	91 	192 	312 	
3 	92 	193 	313 	
3 	93 	194 	314 	
3 	94 	195 	315 	
3 	95 	196 	295 	
3 	96 	197 	296 	
3 	97 	198 	297 	
3 	98 	199 	298 	
3 	99 	200 	299 	
3 	100 	201 	300 	
3 	101 	202 	301 	
3 	102 	203 	302 	
3 	103 	204 	303 	
3 	104 	205 	304 	
3 	105 	206 	305 	
5 	1 	22 	43 	64 	85 	
5 	2 	23 	44 	65 	86 	
5 	3 	24 	45 	66 	87 	
5 	4 	25 	46 	67 	88 	
5 	5 	26 	47 	68 	89 	
5 	6 	27 	48 	69 	90 	
5 	7 	28 	49 	70 	91 	
5 	8 	29 	50 	71 	92 	
5 	9 	30 	51 	72 	93 	
5 	10 	31 	52 	73 	94 	
5 	11 	32 	53 	74 	95 	
5 	12 	33 	54 	75 	96 	
5 	13 	34 	55 	76 	97 	
5 	14 	35 	56 	77 	98 	
5 	15 	36 	57 	78 	99 	
5 	16 	37 	58 	79 	100 	
5 	17 	38 	59 	80 	101 	
5 	18 	39 	60 	81 	102 	
5 	19 	40 	61 	82 	103 	
5 	20 	41 	62 	83 	104 	
5 	21 	42 	63 	84 	105 	
5 	1 	39 	59 	78 	89 	
5 	2 	40 	60 	79 	90 	
5 	3 	41 	61 	80 	91 	
5 	4 	42 	62 	81 	92 	
5 	5 	22 	63 	82 	93 	
5 	6 	23 	43 	83 	94 	
5 	7 	24 	44 	84 	95 	
5 	8 	25 	45 	64 	96 	
5 	9 	26 	46 	65 	97 	
5 	10 	27 	47 	66 	98 	
5 	11 	28 	48 	67 	99 	
5 	12 	29 	49 	68 	100 	
5 	13 	30 	50 	69 	101 	
5 	14 	31 	51 	70 	102 	
5 	15 	32 	52 	71 	103 	
5 	16 	33 	53 	72 	104 	
5 	17 	34 	54 	73 	105 	
5 	18 	35 	55 	74 	85 	
5 	19 	36 	56 	75 	86 	
5 	20 	37 	57 	76 	87 	
5 	21 	38 	58 	77 	88 	
5 	1 	29 	46 	73 	95 	
5 	2 	30 	47 	74 	96 	
5 	3 	31 	48 	75 	97 	
5 	4 	32 	49 	76 	98 	
5 	5 	33 	50 	77 	99 	
5 	6 	34 	51 	78 	100 	
5 	7 	35 	52 	79 	101 	
5 	8 	36 	53 	80 	102 	
5 	9 	37 	54 	81 	103 	
5 	10 	38 	55 	82 	104 	
5 	11 	39 	56 	83 	105 	
5 	12 	40 	57 	84 	85 	
5 	13 	41 	58 	64 	86 	
5 	14 	42 	59 	65 	87 	
5 	15 	22 	60 	66 	88 	
5 	16 	23 	61 	67 	89 	
5 	17 	24 	62 	68 	90 	
5 	18 	25 	63 	69 	91 	
5 	19 	26 	43 	70 	92 	
5 	20 	27 	44 	71 	93 	
5 	21 	28 	45 	72 	94 	
5 	106 	127 	148 	169 	190 	
5 	107 	128 	149 	170 	191 	
5 	108 	129 	150 	171 	192 	
5 	109 	130 	151 	172 	193 	
5 	110 	131 	152 	173 	194 	
5 	111 	132 	153 	174 	195 	
5 	112 	133 	154 	175 	196 	
5 	113 	134 	155 	176 	197 	
5 	114 	135 	156 	177 	198 	
5 	115 	136 	157 	178 	199 	
5 	116 	137 	158 	179 	200 	
5 	117 	138 	159 	180 	201 	
5 	118 	139 	160 	181 	202 	
5 	119 	140 	161 	182 	203 	
5 	120 	141 	162 	183 	204 	
5 	121 	142 	163 	184 	205 	
5 	122 	143 	164 	185 	206 	
5 	123 	144 	165 	186 	207 	
5 	124 	145 	166 	187 	208 	
5 	125 	146 	167 	188 	209 	
5 	126 	147 	168 	189 	210 	
5 	106 	144 	164 	183 	194 	
5 	107 	145 	165 	184 	195 	
5 	108 	146 	166 	185 	196 	
5 	109 	147 	167 	186 	197 	
5 	110 	127 	168 	187 	198 	
5 	111 	128 	148 	188 	199 	
5 	112 	129 	149 	189 	200 	
5 	113 	130 	150 	169 	201 	
5 	114 	131 	151 	170 	202 	
5 	115 	132 	152 	171 	203 	
5 	116 	133 	153 	172 	204 	
5 	117 	134 	154 	173 	205 	
5 	118 	135 	155 	174 	206 	
5 	119 	136 	156 	175 	207 	
5 	120 	137 	157 	176 	208 	
5 	121 	138 	158 	177 	209 	
5 	122 	139 	159 	178 	210 	
5 	123 	140 	160 	179 	190 	
5 	124 	141 	161 	180 	191 	
5 	125 	142 	162 	181 	192 	
5 	126 	143 	163 	182 	193 	
5 	106 	134 	151 	178 	200 	
5 	107 	135 	152 	179 	201 	
5 	108 	136 	153 	180 	202 	
5 	109 	137 	154 	181 	203 	
5 	110 	138 	155 	182 	204 	
5 	111 	139 	156 	183 	205 	
5 	112 	140 	157 	184 	206 	
5 	113 	141 	158 	185 	207 	
5 	114 	142 	159 	186 	208 	
5 	115 	143 	160 	187 	209 	
5 	116 	144 	161 	188 	210 	
5 	117 	145 	162 	189 	190 	
5 	118 	146 	163 	169 	191 	
5 	119 	147 	164 	170 	192 	
5 	120 	127 	165 	171 	193 	
5 	121 	128 	166 	172 	194 	
5 	122 	129 	167 	173 	195 	
5 	123 	130 	168 	174 	196 	
5 	124 	131 	148 	175 	197 	
5 	125 	132 	149 	176 	198 	
5 	126 	133 	150 	177 	199 	
5 	211 	232 	253 	274 	295 	
5 	212 	233 	254 	275 	296 	
5 	213 	234 	255 	276 	297 	
5 	214 	235 	256 	277 	298 	
5 	215 	236 	257 	278 	299 	
5 	216 	237 	258 	279 	300 	
5 	217 	238 	259 	280 	301 	
5 	218 	239 	260 	281 	302 	
5 	219 	240 	261 	282 	303 	
5 	220 	241 	262 	283 	304 	
5 	221 	242 	263 	284 	305 	
5 	222 	243 	264 	285 	306 	
5 	223 	244 	265 	286 	307 	
5 	224 	245 	266 	287 	308 	
5 	225 	246 	267 	288 	309 	
5 	226 	247 	268 	289 	310 	
5 	227 	248 	269 	290 	311 	
5 	228 	249 	270 	291 	312 	
5 	229 	250 	271 	292 	313 	
5 	230 	251 	272 	293 	314 	
5 	231 	252 	273 	294 	315 	
5 	211 	249 	269 	288 	299 	
5 	212 	250 	270 	289 	300 	
5 	213 	251 	271 	290 	301 	
5 	214 	252 	272 	291 	302 	
5 	215 	232 	273 	292 	303 	
5 	216 	233 	253 	293 	304 	
5 	217 	234 	254 	294 	305 	
5 	218 	235 	255 	274 	306 	
5 	219 	236 	256 	275 	307 	
5 	220 	237 	257 	276 	308 	
5 	221 	238 	258 	277 	309 	
5 	222 	239 	259 	278 	310 	
5 	223 	240 	260 	279 	311 	
5 	224 	241 	261 	280 	312 	
5 	225 	242 	262 	281 	313 	
5 	226 	243 	263 	282 	314 	
5 	227 	244 	264 	283 	315 	
5 	228 	245 	265 	284 	295 	
5 	229 	246 	266 	285 	296 	
5 	230 	247 	267 	286 	297 	
5 	231 	248 	268 	287 	298 	
5 	211 	239 	256 	283 	305 	
5 	212 	240 	257 	284 	306 	
5 	213 	241 	258 	285 	307 	
5 	214 	242 	259 	286 	308 	
5 	215 	243 	260 	287 	309 	
5 	216 	244 	261 	288 	310 	
5 	217 	245 	262 	289 	311 	
5 	218 	246 	263 	290 	312 	
5 	219 	247 	264 	291 	313 	
5 	220 	248 	265 	292 	314 	
5 	221 	249 	266 	293 	315 	
5 	222 	250 	267 	294 	295 	
5 	223 	251 	268 	274 	296 	
5 	224 	252 	269 	275 	297 	
5 	225 	232 	270 	276 	298 	
5 	226 	233 	271 	277 	299 	
5 	227 	234 	272 	278 	300 	
5 	228 	235 	273 	279 	301 	
5 	229 	236 	253 	280 	302 	
5 	230 	237 	254 	281 	303 	
5 	231 	238 	255 	282 	304 	
8 	1 	106 	211 	316 	421 	526 	547 	568 	
8 	2 	107 	212 	317 	422 	527 	548 	569 	
8 	3 	108 	213 	318 	423 	528 	549 	570 	
8 	4 	109 	214 	319 	424 	529 	550 	571 	
8 	5 	110 	215 	320 	425 	530 	551 	572 	
8 	6 	111 	216 	321 	426 	531 	552 	573 	
8 	7 	112 	217 	322 	427 	532 	553 	574 	
8 	8 	113 	218 	323 	428 	533 	554 	575 	
8 	9 	114 	219 	324 	429 	534 	555 	576 	
8 	10 	115 	220 	325 	430 	535 	556 	577 	
8 	11 	116 	221 	326 	431 	536 	557 	578 	
8 	12 	117 	222 	327 	432 	537 	558 	579 	
8 	13 	118 	223 	328 	433 	538 	559 	580 	
8 	14 	119 	224 	329 	434 	539 	560 	581 	
8 	15 	120 	225 	330 	435 	540 	561 	582 	
8 	16 	121 	226 	331 	436 	541 	562 	583 	
8 	17 	122 	227 	332 	437 	542 	563 	584 	
8 	18 	123 	228 	333 	438 	543 	564 	585 	
8 	19 	124 	229 	334 	439 	544 	565 	586 	
8 	20 	125 	230 	335 	440 	545 	566 	587 	
8 	21 	126 	231 	336 	441 	546 	567 	588 	
8 	22 	127 	232 	337 	442 	526 	551 	582 	
8 	23 	128 	233 	338 	443 	527 	552 	583 	
8 	24 	129 	234 	339 	444 	528 	553 	584 	
8 	25 	130 	235 	340 	445 	529 	554 	585 	
8 	26 	131 	236 	341 	446 	530 	555 	586 	
8 	27 	132 	237 	342 	447 	531 	556 	587 	
8 	28 	133 	238 	343 	448 	532 	557 	588 	
8 	29 	134 	239 	344 	449 	533 	558 	568 	
8 	30 	135 	240 	345 	450 	534 	559 	569 	
8 	31 	136 	241 	346 	451 	535 	560 	570 	
8 	32 	137 	242 	347 	452 	536 	561 	571 	
8 	33 	138 	243 	348 	453 	537 	562 	572 	
8 	34 	139 	244 	349 	454 	538 	563 	573 	
8 	35 	140 	245 	350 	455 	539 	564 	574 	
8 	36 	141 	246 	351 	456 	540 	565 	575 	
8 	37 	142 	247 	352 	457 	541 	566 	576 	
8 	38 	143 	248 	353 	458 	542 	567 	577 	
8 	39 	144 	249 	354 	459 	543 	547 	578 	
8 	40 	145 	250 	355 	460 	544 	548 	579 	
8 	41 	146 	251 	356 	461 	545 	549 	580 	
8 	42 	147 	252 	357 	462 	546 	550 	581 	
8 	43 	148 	253 	358 	463 	526 	552 	586 	
8 	44 	149 	254 	359 	464 	527 	553 	587 	
8 	45 	150 	255 	360 	465 	528 	554 	588 	
8 	46 	151 	256 	361 	466 	529 	555 	568 	
8 	47 	152 	257 	362 	467 	530 	556 	569 	
8 	48 	153 	258 	363 	468 	531 	557 	570 	
8 	49 	154 	259 	364 	469 	532 	558 	571 	
8 	50 	155 	260 	365 	470 	533 	559 	572 	
8 	51 	156 	261 	366 	471 	534 	560 	573 	
8 	52 	157 	262 	367 	472 	535 	561 	574 	
8 	53 	158 	263 	368 	473 	536 	562 	575 	
8 	54 	159 	264 	369 	474 	537 	563 	576 	
8 	55 	160 	265 	370 	475 	538 	564 	577 	
8 	56 	161 	266 	371 	476 	539 	565 	578 	
8 	57 	162 	267 	372 	477 	540 	566 	579 	
8 	58 	163 	268 	373 	478 	541 	567 	580 	
8 	59 	164 	269 	374 	479 	542 	547 	581 	
8 	60 	165 	270 	375 	480 	543 	548 	582 	
8 	61 	166 	271 	376 	481 	544 	549 	583 	
8 	62 	167 	272 	377 	482 	545 	550 	584 	
8 	63 	168 	273 	378 	483 	546 	551 	585 	
8 	64 	169 	274 	379 	484 	526 	554 	580 	
8 	65 	170 	275 	380 	485 	527 	555 	581 	
8 	66 	171 	276 	381 	486 	528 	556 	582 	
8 	67 	172 	277 	382 	487 	529 	557 	583 	
8 	68 	173 	278 	383 	488 	530 	558 	584 	
8 	69 	174 	279 	384 	489 	531 	559 	585 	
8 	70 	175 	280 	385 	490 	532 	560 	586 	
8 	71 	176 	281 	386 	491 	533 	561 	587 	
8 	72 	177 	282 	387 	492 	534 	562 	588 	
8 	73 	178 	283 	388 	493 	535 	563 	568 	
8 	74 	179 	284 	389 	494 	536 	564 	569 	
8 	75 	180 	285 	390 	495 	537 	565 	570 	
8 	76 	181 	286 	391 	496 	538 	566 	571 	
8 	77 	182 	287 	392 	497 	539 	567 	572 	
8 	78 	183 	288 	393 	498 	540 	547 	573 	
8 	79 	184 	289 	394 	499 	541 	548 	574 	
8 	80 	185 	290 	395 	500 	542 	549 	575 	
8 	81 	186 	291 	396 	501 	543 	550 	576 	
8 	82 	187 	292 	397 	502 	544 	551 	577 	
8 	83 	188 	293 	398 	503 	545 	552 	578 	
8 	84 	189 	294 	399 	504 	546 	553 	579 	
8 	85 	190 	295 	400 	505 	526 	564 	579 	
8 	86 	191 	296 	401 	506 	527 	565 	580 	
8 	87 	192 	297 	402 	507 	528 	566 	581 	
8 	88 	193 	298 	403 	508 	529 	567 	582 	
8 	89 	194 	299 	404 	509 	530 	547 	583 	
8 	90 	195 	300 	405 	510 	531 	548 	584 	
8 	91 	196 	301 	406 	511 	532 	549 	585 	
8 	92 	197 	302 	407 	512 	533 	550 	586 	
8 	93 	198 	303 	408 	513 	534 	551 	587 	
8 	94 	199 	304 	409 	514 	535 	552 	588 	
8 	95 	200 	305 	410 	515 	536 	553 	568 	
8 	96 	201 	306 	411 	516 	537 	554 	569 	
8 	97 	202 	307 	412 	517 	538 	555 	570 	
8 	98 	203 	308 	413 	518 	539 	556 	571 	
8 	99 	204 	309 	414 	519 	540 	557 	572 	
8 	100 	205 	310 	415 	520 	541 	558 	573 	
8 	101 	206 	311 	416 	521 	542 	559 	574 	
8 	102 	207 	312 	417 	522 	543 	560 	575 	
8 	103 	208 	313 	418 	523 	544 	561 	576 	
8 	104 	209 	314 	419 	524 	545 	562 	577 	
8 	105 	210 	315 	420 	525 	546 	563 	578 	
8 	1 	123 	227 	330 	425 	589 	610 	631 	
8 	2 	124 	228 	331 	426 	590 	611 	632 	
8 	3 	125 	229 	332 	427 	591 	612 	633 	
8 	4 	126 	230 	333 	428 	592 	613 	634 	
8 	5 	106 	231 	334 	429 	593 	614 	635 	
8 	6 	107 	211 	335 	430 	594 	615 	636 	
8 	7 	108 	212 	336 	431 	595 	616 	637 	
8 	8 	109 	213 	316 	432 	596 	617 	638 	
8 	9 	110 	214 	317 	433 	597 	618 	639 	
8 	10 	111 	215 	318 	434 	598 	619 	640 	
8 	11 	112 	216 	319 	435 	599 	620 	641 	
8 	12 	113 	217 	320 	436 	600 	621 	642 	
8 	13 	114 	218 	321 	437 	601 	622 	643 	
8 	14 	115 	219 	322 	438 	602 	623 	644 	
8 	15 	116 	220 	323 	439 	603 	624 	645 	
8 	16 	117 	221 	324 	440 	604 	625 	646 	
8 	17 	118 	222 	325 	441 	605 	626 	647 	
8 	18 	119 	223 	326 	421 	606 	627 	648 	
8 	19 	120 	224 	327 	422 	607 	628 	649 	
8 	20 	121 	225 	328 	423 	608 	629 	650 	
8 	21 	122 	226 	329 	424 	609 	630 	651 	
8 	22 	144 	248 	351 	446 	589 	614 	645 	
8 	23 	145 	249 	352 	447 	590 	615 	646 	
8 	24 	146 	250 	353 	448 	591 	616 	647 	
8 	25 	147 	251 	354 	449 	592 	617 	648 	
8 	26 	127 	252 	355 	450 	593 	618 	649 	
8 	27 	128 	232 	356 	451 	594 	619 	650 	
8 	28 	129 	233 	357 	452 	595 	620 	651 	
8 	29 	130 	234 	337 	453 	596 	621 	631 	
8 	30 	131 	235 	338 	454 	597 	622 	632 	
8 	31 	132 	236 	339 	455 	598 	623 	633 	
8 	32 	133 	237 	340 	456 	599 	624 	634 	
8 	33 	134 	238 	341 	457 	600 	625 	635 	
8 	34 	135 	239 	342 	458 	601 	626 	636 	
8 	35 	136 	240 	343 	459 	602 	627 	637 	
8 	36 	137 	241 	344 	460 	603 	628 	638 	
8 	37 	138 	242 	345 	461 	604 	629 	639 	
8 	38 	139 	243 	346 	462 	605 	630 	640 	
8 	39 	140 	244 	347 	442 	606 	610 	641 	
8 	40 	141 	245 	348 	443 	607 	611 	642 	
8 	41 	142 	246 	349 	444 	608 	612 	643 	
8 	42 	143 	247 	350 	445 	609 	613 	644 	
8 	43 	165 	269 	372 	467 	589 	615 	649 	
8 	44 	166 	270 	373 	468 	590 	616 	650 	
8 	45 	167 	271 	374 	469 	591 	617 	651 	
8 	46 	168 	272 	375 	470 	592 	618 	631 	
8 	47 	148 	273 	376 	471 	593 	619 	632 	
8 	48 	149 	253 	377 	472 	594 	620 	633 	
8 	49 	150 	254 	378 	473 	595 	621 	634 	
8 	50 	151 	255 	358 	474 	596 	622 	635 	
8 	51 	152 	256 	359 	475 	597 	623 	636 	
8 	52 	153 	257 	360 	476 	598 	624 	637 	
8 	53 	154 	258 	361 	477 	599 	625 	638 	
8 	54 	155 	259 	362 	478 	600 	626 	639 	
8 	55 	156 	260 	363 	479 	601 	627 	640 	
8 	56 	157 	261 	364 	480 	602 	628 	641 	
8 	57 	158 	262 	365 	481 	603 	629 	642 	
8 	58 	159 	263 	366 	482 	604 	630 	643 	
8 	59 	160 	264 	367 	483 	605 	610 	644 	
8 	60 	161 	265 	368 	463 	606 	611 	645 	
8 	61 	162 	266 	369 	464 	607 	612 	646 	
8 	62 	163 	267 	370 	465 	608 	613 	647 	
8 	63 	164 	268 	371 	466 	609 	614 	648 	
8 	64 	186 	290 	393 	488 	589 	617 	643 	
8 	65 	187 	291 	394 	489 	590 	618 	644 	
8 	66 	188 	292 	395 	490 	591 	619 	645 	
8 	67 	189 	293 	396 	491 	592 	620 	646 	
8 	68 	169 	294 	397 	492 	593 	621 	647 	
8 	69 	170 	274 	398 	493 	594 	622 	648 	
8 	70 	171 	275 	399 	494 	595 	623 	649 	
8 	71 	172 	276 	379 	495 	596 	624 	650 	
8 	72 	173 	277 	380 	496 	597 	625 	651 	
8 	73 	174 	278 	381 	497 	598 	626 	631 	
8 	74 	175 	279 	382 	498 	599 	627 	632 	
8 	75 	176 	280 	383 	499 	600 	628 	633 	
8 	76 	177 	281 	384 	500 	601 	629 	634 	
8 	77 	178 	282 	385 	501 	602 	630 	635 	
8 	78 	179 	283 	386 	502 	603 	610 	636 	
8 	79 	180 	284 	387 	503 	604 	611 	637 	
8 	80 	181 	285 	388 	504 	605 	612 	638 	
8 	81 	182 	286 	389 	484 	606 	613 	639 	
8 	82 	183 	287 	390 	485 	607 	614 	640 	
8 	83 	184 	288 	391 	486 	608 	615 	641 	
8 	84 	185 	289 	392 	487 	609 	616 	642 	
8 	85 	207 	311 	414 	509 	589 	627 	642 	
8 	86 	208 	312 	415 	510 	590 	628 	643 	
8 	87 	209 	313 	416 	511 	591 	629 	644 	
8 	88 	210 	314 	417 	512 	592 	630 	645 	
8 	89 	190 	315 	418 	513 	593 	610 	646 	
8 	90 	191 	295 	419 	514 	594 	611 	647 	
8 	91 	192 	296 	420 	515 	595 	612 	648 	
8 	92 	193 	297 	400 	516 	596 	613 	649 	
8 	93 	194 	298 	401 	517 	597 	614 	650 	
8 	94 	195 	299 	402 	518 	598 	615 	651 	
8 	95 	196 	300 	403 	519 	599 	616 	631 	
8 	96 	197 	301 	404 	520 	600 	617 	632 	
8 	97 	198 	302 	405 	521 	601 	618 	633 	
8 	98 	199 	303 	406 	522 	602 	619 	634 	
8 	99 	200 	304 	407 	523 	603 	620 	635 	
8 	100 	201 	305 	408 	524 	604 	621 	636 	
8 	101 	202 	306 	409 	525 	605 	622 	637 	
8 	102 	203 	307 	410 	505 	606 	623 	638 	
8 	103 	204 	308 	411 	506 	607 	624 	639 	
8 	104 	205 	309 	412 	507 	608 	625 	640 	
8 	105 	206 	310 	413 	508 	609 	626 	641 	
8 	1 	113 	214 	325 	431 	652 	673 	694 	
8 	2 	114 	215 	326 	432 	653 	674 	695 	
8 	3 	115 	216 	327 	433 	654 	675 	696 	
8 	4 	116 	217 	328 	434 	655 	676 	697 	
8 	5 	117 	218 	329 	435 	656 	677 	698 	
8 	6 	118 	219 	330 	436 	657 	678 	699 	
8 	7 	119 	220 	331 	437 	658 	679 	700 	
8 	8 	120 	221 	332 	438 	659 	680 	701 	
8 	9 	121 	222 	333 	439 	660 	681 	702 	
8 	10 	122 	223 	334 	440 	661 	682 	703 	
8 	11 	123 	224 	335 	441 	662 	683 	704 	
8 	12 	124 	225 	336 	421 	663 	684 	705 	
8 	13 	125 	226 	316 	422 	664 	685 	706 	
8 	14 	126 	227 	317 	423 	665 	686 	707 	
8 	15 	106 	228 	318 	424 	666 	687 	708 	
8 	16 	107 	229 	319 	425 	667 	688 	709 	
8 	17 	108 	230 	320 	426 	668 	689 	710 	
8 	18 	109 	231 	321 	427 	669 	690 	711 	
8 	19 	110 	211 	322 	428 	670 	691 	712 	
8 	20 	111 	212 	323 	429 	671 	692 	713 	
8 	21 	112 	213 	324 	430 	672 	693 	714 	
8 	22 	134 	235 	346 	452 	652 	677 	708 	
8 	23 	135 	236 	347 	453 	653 	678 	709 	
8 	24 	136 	237 	348 	454 	654 	679 	710 	
8 	25 	137 	238 	349 	455 	655 	680 	711 	
8 	26 	138 	239 	350 	456 	656 	681 	712 	
8 	27 	139 	240 	351 	457 	657 	682 	713 	
8 	28 	140 	241 	352 	458 	658 	683 	714 	
8 	29 	141 	242 	353 	459 	659 	684 	694 	
8 	30 	142 	243 	354 	460 	660 	685 	695 	
8 	31 	143 	244 	355 	461 	661 	686 	696 	
8 	32 	144 	245 	356 	462 	662 	687 	697 	
8 	33 	145 	246 	357 	442 	663 	688 	698 	
8 	34 	146 	247 	337 	443 	664 	689 	699 	
8 	35 	147 	248 	338 	444 	665 	690 	700 	
8 	36 	127 	249 	339 	445 	666 	691 	701 	
8 	37 	128 	250 	340 	446 	667 	692 	702 	
8 	38 	129 	251 	341 	447 	668 	693 	703 	
8 	39 	130 	252 	342 	448 	669 	673 	704 	
8 	40 	131 	232 	343 	449 	670 	674 	705 	
8 	41 	132 	233 	344 	450 	671 	675 	706 	
8 	42 	133 	234 	345 	451 	672 	676 	707 	
8 	43 	155 	256 	367 	473 	652 	678 	712 	
8 	44 	156 	257 	368 	474 	653 	679 	713 	
8 	45 	157 	258 	369 	475 	654 	680 	714 	
8 	46 	158 	259 	370 	476 	655 	681 	694 	
8 	47 	159 	260 	371 	477 	656 	682 	695 	
8 	48 	160 	261 	372 	478 	657 	683 	696 	
8 	49 	161 	262 	373 	479 	658 	684 	697 	
8 	50 	162 	263 	374 	480 	659 	685 	698 	
8 	51 	163 	264 	375 	481 	660 	686 	699 	
8 	52 	164 	265 	376 	482 	661 	687 	700 	
8 	53 	165 	266 	377 	483 	662 	688 	701 	
8 	54 	166 	267 	378 	463 	663 	689 	702 	
8 	55 	167 	268 	358 	464 	664 	690 	703 	
8 	56 	168 	269 	359 	465 	665 	691 	704 	
8 	57 	148 	270 	360 	466 	666 	692 	705 	
8 	58 	149 	271 	361 	467 	667 	693 	706 	
8 	59 	150 	272 	362 	468 	668 	673 	707 	
8 	60 	151 	273 	363 	469 	669 	674 	708 	
8 	61 	152 	253 	364 	470 	670 	675 	709 	
8 	62 	153 	254 	365 	471 	671 	676 	710 	
8 	63 	154 	255 	366 	472 	672 	677 	711 	
8 	64 	176 	277 	388 	494 	652 	680 	706 	
8 	65 	177 	278 	389 	495 	653 	681 	707 	
8 	66 	178 	279 	390 	496 	654 	682 	708 	
8 	67 	179 	280 	391 	497 	655 	683 	709 	
8 	68 	180 	281 	392 	498 	656 	684 	710 	
8 	69 	181 	282 	393 	499 	657 	685 	711 	
8 	70 	182 	283 	394 	500 	658 	686 	712 	
8 	71 	183 	284 	395 	501 	659 	687 	713 	
8 	72 	184 	285 	396 	502 	660 	688 	714 	
8 	73 	185 	286 	397 	503 	661 	689 	694 	
8 	74 	186 	287 	398 	504 	662 	690 	695 	
8 	75 	187 	288 	399 	484 	663 	691 	696 	
8 	76 	188 	289 	379 	485 	664 	692 	697 	
8 	77 	189 	290 	380 	486 	665 	693 	698 	
8 	78 	169 	291 	381 	487 	666 	673 	699 	
8 	79 	170 	292 	382 	488 	667 	674 	700 	
8 	80 	171 	293 	383 	489 	668 	675 	701 	
8 	81 	172 	294 	384 	490 	669 	676 	702 	
8 	82 	173 	274 	385 	491 	670 	677 	703 	
8 	83 	174 	275 	386 	492 	671 	678 	704 	
8 	84 	175 	276 	387 	493 	672 	679 	705 	
8 	85 	197 	298 	409 	515 	652 	690 	705 	
8 	86 	198 	299 	410 	516 	653 	691 	706 	
8 	87 	199 	300 	411 	517 	654 	692 	707 	
8 	88 	200 	301 	412 	518 	655 	693 	708 	
8 	89 	201 	302 	413 	519 	656 	673 	709 	
8 	90 	202 	303 	414 	520 	657 	674 	710 	
8 	91 	203 	304 	415 	521 	658 	675 	711 	
8 	92 	204 	305 	416 	522 	659 	676 	712 	
8 	93 	205 	306 	417 	523 	660 	677 	713 	
8 	94 	206 	307 	418 	524 	661 	678 	714 	
8 	95 	207 	308 	419 	525 	662 	679 	694 	
8 	96 	208 	309 	420 	505 	663 	680 	695 	
8 	97 	209 	310 	400 	506 	664 	681 	696 	
8 	98 	210 	311 	401 	507 	665 	682 	697 	
8 	99 	190 	312 	402 	508 	666 	683 	698 	
8 	100 	191 	313 	403 	509 	667 	684 	699 	
8 	101 	192 	314 	404 	510 	668 	685 	700 	
8 	102 	193 	315 	405 	511 	669 	686 	701 	
8 	103 	194 	295 	406 	512 	670 	687 	702 	
8 	104 	195 	296 	407 	513 	671 	688 	703 	
8 	105 	196 	297 	408 	514 	672 	689 	704 	
