1020 	 450 
3 	1 	31 	61 	
3 	2 	32 	62 	
3 	3 	33 	63 	
3 	4 	34 	64 	
3 	5 	35 	65 	
3 	6 	36 	66 	
3 	7 	37 	67 	
3 	8 	38 	68 	
3 	9 	39 	69 	
3 	10 	40 	70 	
3 	11 	41 	71 	
3 	12 	42 	72 	
3 	13 	43 	73 	
3 	14 	44 	74 	
3 	15 	45 	75 	
3 	16 	46 	76 	
3 	17 	47 	77 	
3 	18 	48 	78 	
3 	19 	49 	79 	
3 	20 	50 	80 	
3 	21 	51 	81 	
3 	22 	52 	82 	
3 	23 	53 	83 	
3 	24 	54 	84 	
3 	25 	55 	85 	
3 	26 	56 	86 	
3 	27 	57 	87 	
3 	28 	58 	88 	
3 	29 	59 	89 	
3 	30 	60 	90 	
3 	1 	33 	77 	
3 	2 	34 	78 	
3 	3 	35 	79 	
3 	4 	36 	80 	
3 	5 	37 	81 	
3 	6 	38 	82 	
3 	7 	39 	83 	
3 	8 	40 	84 	
3 	9 	41 	85 	
3 	10 	42 	86 	
3 	11 	43 	87 	
3 	12 	44 	88 	
3 	13 	45 	89 	
3 	14 	46 	90 	
3 	15 	47 	61 	
3 	16 	48 	62 	
3 	17 	49 	63 	
3 	18 	50 	64 	
3 	19 	51 	65 	
3 	20 	52 	66 	
3 	21 	53 	67 	
3 	22 	54 	68 	
3 	23 	55 	69 	
3 	24 	56 	70 	
3 	25 	57 	71 	
3 	26 	58 	72 	
3 	27 	59 	73 	
3 	28 	60 	74 	
3 	29 	31 	75 	
3 	30 	32 	76 	
3 	1 	45 	72 	
3 	2 	46 	73 	
3 	3 	47 	74 	
3 	4 	48 	75 	
3 	5 	49 	76 	
3 	6 	50 	77 	
3 	7 	51 	78 	
3 	8 	52 	79 	
3 	9 	53 	80 	
3 	10 	54 	81 	
3 	11 	55 	82 	
3 	12 	56 	83 	
3 	13 	57 	84 	
3 	14 	58 	85 	
3 	15 	59 	86 	
3 	16 	60 	87 	
3 	17 	31 	88 	
3 	18 	32 	89 	
3 	19 	33 	90 	
3 	20 	34 	61 	
3 	21 	35 	62 	
3 	22 	36 	63 	
3 	23 	37 	64 	
3 	24 	38 	65 	
3 	25 	39 	66 	
3 	26 	40 	67 	
3 	27 	41 	68 	
3 	28 	42 	69 	
3 	29 	43 	70 	
3 	30 	44 	71 	
3 	1 	55 	65 	
3 	2 	56 	66 	
3 	3 	57 	67 	
3 	4 	58 	68 	
3 	5 	59 	69 	
3 	6 	60 	70 	
3 	7 	31 	71 	
3 	8 	32 	72 	
3 	9 	33 	73 	
3 	10 	34 	74 	
3 	11 	35 	75 	
3 	12 	36 	76 	
3 	13 	37 	77 	
3 	14 	38 	78 	
3 	15 	39 	79 	
3 	16 	40 	80 	
3 	17 	41 	81 	
3 	18 	42 	82 	
3 	19 	43 	83 	
3 	20 	44 	84 	
3 	21 	45 	85 	
3 	22 	46 	86 	
3 	23 	47 	87 	
3 	24 	48 	88 	
3 	25 	49 	89 	
3 	26 	50 	90 	
3 	27 	51 	61 	
3 	28 	52 	62 	
3 	29 	53 	63 	
3 	30 	54 	64 	
3 	1 	56 	74 	
3 	2 	57 	75 	
3 	3 	58 	76 	
3 	4 	59 	77 	
3 	5 	60 	78 	
3 	6 	31 	79 	
3 	7 	32 	80 	
3 	8 	33 	81 	
3 	9 	34 	82 	
3 	10 	35 	83 	
3 	11 	36 	84 	
3 	12 	37 	85 	
3 	13 	38 	86 	
3 	14 	39 	87 	
3 	15 	40 	88 	
3 	16 	41 	89 	
3 	17 	42 	90 	
3 	18 	43 	61 	
3 	19 	44 	62 	
3 	20 	45 	63 	
3 	21 	46 	64 	
3 	22 	47 	65 	
3 	23 	48 	66 	
3 	24 	49 	67 	
3 	25 	50 	68 	
3 	26 	51 	69 	
3 	27 	52 	70 	
3 	28 	53 	71 	
3 	29 	54 	72 	
3 	30 	55 	73 	
3 	91 	121 	151 	
3 	92 	122 	152 	
3 	93 	123 	153 	
3 	94 	124 	154 	
3 	95 	125 	155 	
3 	96 	126 	156 	
3 	97 	127 	157 	
3 	98 	128 	158 	
3 	99 	129 	159 	
3 	100 	130 	160 	
3 	101 	131 	161 	
3 	102 	132 	162 	
3 	103 	133 	163 	
3 	104 	134 	164 	
3 	105 	135 	165 	
3 	106 	136 	166 	
3 	107 	137 	167 	
3 	108 	138 	168 	
3 	109 	139 	169 	
3 	110 	140 	170 	
3 	111 	141 	171 	
3 	112 	142 	172 	
3 	113 	143 	173 	
3 	114 	144 	174 	
3 	115 	145 	175 	
3 	116 	146 	176 	
3 	117 	147 	177 	
3 	118 	148 	178 	
3 	119 	149 	179 	
3 	120 	150 	180 	
3 	91 	123 	167 	
3 	92 	124 	168 	
3 	93 	125 	169 	
3 	94 	126 	170 	
3 	95 	127 	171 	
3 	96 	128 	172 	
3 	97 	129 	173 	
3 	98 	130 	174 	
3 	99 	131 	175 	
3 	100 	132 	176 	
3 	101 	133 	177 	
3 	102 	134 	178 	
3 	103 	135 	179 	
3 	104 	136 	180 	
3 	105 	137 	151 	
3 	106 	138 	152 	
3 	107 	139 	153 	
3 	108 	140 	154 	
3 	109 	141 	155 	
3 	110 	142 	156 	
3 	111 	143 	157 	
3 	112 	144 	158 	
3 	113 	145 	159 	
3 	114 	146 	160 	
3 	115 	147 	161 	
3 	116 	148 	162 	
3 	117 	149 	163 	
3 	118 	150 	164 	
3 	119 	121 	165 	
3 	120 	122 	166 	
3 	91 	135 	162 	
3 	92 	136 	163 	
3 	93 	137 	164 	
3 	94 	138 	165 	
3 	95 	139 	166 	
3 	96 	140 	167 	
3 	97 	141 	168 	
3 	98 	142 	169 	
3 	99 	143 	170 	
3 	100 	144 	171 	
3 	101 	145 	172 	
3 	102 	146 	173 	
3 	103 	147 	174 	
3 	104 	148 	175 	
3 	105 	149 	176 	
3 	106 	150 	177 	
3 	107 	121 	178 	
3 	108 	122 	179 	
3 	109 	123 	180 	
3 	110 	124 	151 	
3 	111 	125 	152 	
3 	112 	126 	153 	
3 	113 	127 	154 	
3 	114 	128 	155 	
3 	115 	129 	156 	
3 	116 	130 	157 	
3 	117 	131 	158 	
3 	118 	132 	159 	
3 	119 	133 	160 	
3 	120 	134 	161 	
3 	91 	145 	155 	
3 	92 	146 	156 	
3 	93 	147 	157 	
3 	94 	148 	158 	
3 	95 	149 	159 	
3 	96 	150 	160 	
3 	97 	121 	161 	
3 	98 	122 	162 	
3 	99 	123 	163 	
3 	100 	124 	164 	
3 	101 	125 	165 	
3 	102 	126 	166 	
3 	103 	127 	167 	
3 	104 	128 	168 	
3 	105 	129 	169 	
3 	106 	130 	170 	
3 	107 	131 	171 	
3 	108 	132 	172 	
3 	109 	133 	173 	
3 	110 	134 	174 	
3 	111 	135 	175 	
3 	112 	136 	176 	
3 	113 	137 	177 	
3 	114 	138 	178 	
3 	115 	139 	179 	
3 	116 	140 	180 	
3 	117 	141 	151 	
3 	118 	142 	152 	
3 	119 	143 	153 	
3 	120 	144 	154 	
3 	91 	146 	164 	
3 	92 	147 	165 	
3 	93 	148 	166 	
3 	94 	149 	167 	
3 	95 	150 	168 	
3 	96 	121 	169 	
3 	97 	122 	170 	
3 	98 	123 	171 	
3 	99 	124 	172 	
3 	100 	125 	173 	
3 	101 	126 	174 	
3 	102 	127 	175 	
3 	103 	128 	176 	
3 	104 	129 	177 	
3 	105 	130 	178 	
3 	106 	131 	179 	
3 	107 	132 	180 	
3 	108 	133 	151 	
3 	109 	134 	152 	
3 	110 	135 	153 	
3 	111 	136 	154 	
3 	112 	137 	155 	
3 	113 	138 	156 	
3 	114 	139 	157 	
3 	115 	140 	158 	
3 	116 	141 	159 	
3 	117 	142 	160 	
3 	118 	143 	161 	
3 	119 	144 	162 	
3 	120 	145 	163 	
3 	181 	211 	241 	
3 	182 	212 	242 	
3 	183 	213 	243 	
3 	184 	214 	244 	
3 	185 	215 	245 	
3 	186 	216 	246 	
3 	187 	217 	247 	
3 	188 	218 	248 	
3 	189 	219 	249 	
3 	190 	220 	250 	
3 	191 	221 	251 	
3 	192 	222 	252 	
3 	193 	223 	253 	
3 	194 	224 	254 	
3 	195 	225 	255 	
3 	196 	226 	256 	
3 	197 	227 	257 	
3 	198 	228 	258 	
3 	199 	229 	259 	
3 	200 	230 	260 	
3 	201 	231 	261 	
3 	202 	232 	262 	
3 	203 	233 	263 	
3 	204 	234 	264 	
3 	205 	235 	265 	
3 	206 	236 	266 	
3 	207 	237 	267 	
3 	208 	238 	268 	
3 	209 	239 	269 	
3 	210 	240 	270 	
3 	181 	213 	257 	
3 	182 	214 	258 	
3 	183 	215 	259 	
3 	184 	216 	260 	
3 	185 	217 	261 	
3 	186 	218 	262 	
3 	187 	219 	263 	
3 	188 	220 	264 	
3 	189 	221 	265 	
3 	190 	222 	266 	
3 	191 	223 	267 	
3 	192 	224 	268 	
3 	193 	225 	269 	
3 	194 	226 	270 	
3 	195 	227 	241 	
3 	196 	228 	242 	
3 	197 	229 	243 	
3 	198 	230 	244 	
3 	199 	231 	245 	
3 	200 	232 	246 	
3 	201 	233 	247 	
3 	202 	234 	248 	
3 	203 	235 	249 	
3 	204 	236 	250 	
3 	205 	237 	251 	
3 	206 	238 	252 	
3 	207 	239 	253 	
3 	208 	240 	254 	
3 	209 	211 	255 	
3 	210 	212 	256 	
3 	181 	225 	252 	
3 	182 	226 	253 	
3 	183 	227 	254 	
3 	184 	228 	255 	
3 	185 	229 	256 	
3 	186 	230 	257 	
3 	187 	231 	258 	
3 	188 	232 	259 	
3 	189 	233 	260 	
3 	190 	234 	261 	
3 	191 	235 	262 	
3 	192 	236 	263 	
3 	193 	237 	264 	
3 	194 	238 	265 	
3 	195 	239 	266 	
3 	196 	240 	267 	
3 	197 	211 	268 	
3 	198 	212 	269 	
3 	199 	213 	270 	
3 	200 	214 	241 	
3 	201 	215 	242 	
3 	202 	216 	243 	
3 	203 	217 	244 	
3 	204 	218 	245 	
3 	205 	219 	246 	
3 	206 	220 	247 	
3 	207 	221 	248 	
3 	208 	222 	249 	
3 	209 	223 	250 	
3 	210 	224 	251 	
3 	181 	235 	245 	
3 	182 	236 	246 	
3 	183 	237 	247 	
3 	184 	238 	248 	
3 	185 	239 	249 	
3 	186 	240 	250 	
3 	187 	211 	251 	
3 	188 	212 	252 	
3 	189 	213 	253 	
3 	190 	214 	254 	
3 	191 	215 	255 	
3 	192 	216 	256 	
3 	193 	217 	257 	
3 	194 	218 	258 	
3 	195 	219 	259 	
3 	196 	220 	260 	
3 	197 	221 	261 	
3 	198 	222 	262 	
3 	199 	223 	263 	
3 	200 	224 	264 	
3 	201 	225 	265 	
3 	202 	226 	266 	
3 	203 	227 	267 	
3 	204 	228 	268 	
3 	205 	229 	269 	
3 	206 	230 	270 	
3 	207 	231 	241 	
3 	208 	232 	242 	
3 	209 	233 	243 	
3 	210 	234 	244 	
3 	181 	236 	254 	
3 	182 	237 	255 	
3 	183 	238 	256 	
3 	184 	239 	257 	
3 	185 	240 	258 	
3 	186 	211 	259 	
3 	187 	212 	260 	
3 	188 	213 	261 	
3 	189 	214 	262 	
3 	190 	215 	263 	
3 	191 	216 	264 	
3 	192 	217 	265 	
3 	193 	218 	266 	
3 	194 	219 	267 	
3 	195 	220 	268 	
3 	196 	221 	269 	
3 	197 	222 	270 	
3 	198 	223 	241 	
3 	199 	224 	242 	
3 	200 	225 	243 	
3 	201 	226 	244 	
3 	202 	227 	245 	
3 	203 	228 	246 	
3 	204 	229 	247 	
3 	205 	230 	248 	
3 	206 	231 	249 	
3 	207 	232 	250 	
3 	208 	233 	251 	
3 	209 	234 	252 	
3 	210 	235 	253 	
3 	271 	301 	331 	
3 	272 	302 	332 	
3 	273 	303 	333 	
3 	274 	304 	334 	
3 	275 	305 	335 	
3 	276 	306 	336 	
3 	277 	307 	337 	
3 	278 	308 	338 	
3 	279 	309 	339 	
3 	280 	310 	340 	
3 	281 	311 	341 	
3 	282 	312 	342 	
3 	283 	313 	343 	
3 	284 	314 	344 	
3 	285 	315 	345 	
3 	286 	316 	346 	
3 	287 	317 	347 	
3 	288 	318 	348 	
3 	289 	319 	349 	
3 	290 	320 	350 	
3 	291 	321 	351 	
3 	292 	322 	352 	
3 	293 	323 	353 	
3 	294 	324 	354 	
3 	295 	325 	355 	
3 	296 	326 	356 	
3 	297 	327 	357 	
3 	298 	328 	358 	
3 	299 	329 	359 	
3 	300 	330 	360 	
3 	271 	303 	347 	
3 	272 	304 	348 	
3 	273 	305 	349 	
3 	274 	306 	350 	
3 	275 	307 	351 	
3 	276 	308 	352 	
3 	277 	309 	353 	
3 	278 	310 	354 	
3 	279 	311 	355 	
3 	280 	312 	356 	
3 	281 	313 	357 	
3 	282 	314 	358 	
3 	283 	315 	359 	
3 	284 	316 	360 	
3 	285 	317 	331 	
3 	286 	318 	332 	
3 	287 	319 	333 	
3 	288 	320 	334 	
3 	289 	321 	335 	
3 	290 	322 	336 	
3 	291 	323 	337 	
3 	292 	324 	338 	
3 	293 	325 	339 	
3 	294 	326 	340 	
3 	295 	327 	341 	
3 	296 	328 	342 	
3 	297 	329 	343 	
3 	298 	330 	344 	
3 	299 	301 	345 	
3 	300 	302 	346 	
3 	271 	315 	342 	
3 	272 	316 	343 	
3 	273 	317 	344 	
3 	274 	318 	345 	
3 	275 	319 	346 	
3 	276 	320 	347 	
3 	277 	321 	348 	
3 	278 	322 	349 	
3 	279 	323 	350 	
3 	280 	324 	351 	
3 	281 	325 	352 	
3 	282 	326 	353 	
3 	283 	327 	354 	
3 	284 	328 	355 	
3 	285 	329 	356 	
3 	286 	330 	357 	
3 	287 	301 	358 	
3 	288 	302 	359 	
3 	289 	303 	360 	
3 	290 	304 	331 	
3 	291 	305 	332 	
3 	292 	306 	333 	
3 	293 	307 	334 	
3 	294 	308 	335 	
3 	295 	309 	336 	
3 	296 	310 	337 	
3 	297 	311 	338 	
3 	298 	312 	339 	
3 	299 	313 	340 	
3 	300 	314 	341 	
3 	271 	325 	335 	
3 	272 	326 	336 	
3 	273 	327 	337 	
3 	274 	328 	338 	
3 	275 	329 	339 	
3 	276 	330 	340 	
3 	277 	301 	341 	
3 	278 	302 	342 	
3 	279 	303 	343 	
3 	280 	304 	344 	
3 	281 	305 	345 	
3 	282 	306 	346 	
3 	283 	307 	347 	
3 	284 	308 	348 	
3 	285 	309 	349 	
3 	286 	310 	350 	
3 	287 	311 	351 	
3 	288 	312 	352 	
3 	289 	313 	353 	
3 	290 	314 	354 	
3 	291 	315 	355 	
3 	292 	316 	356 	
3 	293 	317 	357 	
3 	294 	318 	358 	
3 	295 	319 	359 	
3 	296 	320 	360 	
3 	297 	321 	331 	
3 	298 	322 	332 	
3 	299 	323 	333 	
3 	300 	324 	334 	
3 	271 	326 	344 	
3 	272 	327 	345 	
3 	273 	328 	346 	
3 	274 	329 	347 	
3 	275 	330 	348 	
3 	276 	301 	349 	
3 	277 	302 	350 	
3 	278 	303 	351 	
3 	279 	304 	352 	
3 	280 	305 	353 	
3 	281 	306 	354 	
3 	282 	307 	355 	
3 	283 	308 	356 	
3 	284 	309 	357 	
3 	285 	310 	358 	
3 	286 	311 	359 	
3 	287 	312 	360 	
3 	288 	313 	331 	
3 	289 	314 	332 	
3 	290 	315 	333 	
3 	291 	316 	334 	
3 	292 	317 	335 	
3 	293 	318 	336 	
3 	294 	319 	337 	
3 	295 	320 	338 	
3 	296 	321 	339 	
3 	297 	322 	340 	
3 	298 	323 	341 	
3 	299 	324 	342 	
3 	300 	325 	343 	
3 	361 	391 	421 	
3 	362 	392 	422 	
3 	363 	393 	423 	
3 	364 	394 	424 	
3 	365 	395 	425 	
3 	366 	396 	426 	
3 	367 	397 	427 	
3 	368 	398 	428 	
3 	369 	399 	429 	
3 	370 	400 	430 	
3 	371 	401 	431 	
3 	372 	402 	432 	
3 	373 	403 	433 	
3 	374 	404 	434 	
3 	375 	405 	435 	
3 	376 	406 	436 	
3 	377 	407 	437 	
3 	378 	408 	438 	
3 	379 	409 	439 	
3 	380 	410 	440 	
3 	381 	411 	441 	
3 	382 	412 	442 	
3 	383 	413 	443 	
3 	384 	414 	444 	
3 	385 	415 	445 	
3 	386 	416 	446 	
3 	387 	417 	447 	
3 	388 	418 	448 	
3 	389 	419 	449 	
3 	390 	420 	450 	
3 	361 	393 	437 	
3 	362 	394 	438 	
3 	363 	395 	439 	
3 	364 	396 	440 	
3 	365 	397 	441 	
3 	366 	398 	442 	
3 	367 	399 	443 	
3 	368 	400 	444 	
3 	369 	401 	445 	
3 	370 	402 	446 	
3 	371 	403 	447 	
3 	372 	404 	448 	
3 	373 	405 	449 	
3 	374 	406 	450 	
3 	375 	407 	421 	
3 	376 	408 	422 	
3 	377 	409 	423 	
3 	378 	410 	424 	
3 	379 	411 	425 	
3 	380 	412 	426 	
3 	381 	413 	427 	
3 	382 	414 	428 	
3 	383 	415 	429 	
3 	384 	416 	430 	
3 	385 	417 	431 	
3 	386 	418 	432 	
3 	387 	419 	433 	
3 	388 	420 	434 	
3 	389 	391 	435 	
3 	390 	392 	436 	
3 	361 	405 	432 	
3 	362 	406 	433 	
3 	363 	407 	434 	
3 	364 	408 	435 	
3 	365 	409 	436 	
3 	366 	410 	437 	
3 	367 	411 	438 	
3 	368 	412 	439 	
3 	369 	413 	440 	
3 	370 	414 	441 	
3 	371 	415 	442 	
3 	372 	416 	443 	
3 	373 	417 	444 	
3 	374 	418 	445 	
3 	375 	419 	446 	
3 	376 	420 	447 	
3 	377 	391 	448 	
3 	378 	392 	449 	
3 	379 	393 	450 	
3 	380 	394 	421 	
3 	381 	395 	422 	
3 	382 	396 	423 	
3 	383 	397 	424 	
3 	384 	398 	425 	
3 	385 	399 	426 	
3 	386 	400 	427 	
3 	387 	401 	428 	
3 	388 	402 	429 	
3 	389 	403 	430 	
3 	390 	404 	431 	
3 	361 	415 	425 	
3 	362 	416 	426 	
3 	363 	417 	427 	
3 	364 	418 	428 	
3 	365 	419 	429 	
3 	366 	420 	430 	
3 	367 	391 	431 	
3 	368 	392 	432 	
3 	369 	393 	433 	
3 	370 	394 	434 	
3 	371 	395 	435 	
3 	372 	396 	436 	
3 	373 	397 	437 	
3 	374 	398 	438 	
3 	375 	399 	439 	
3 	376 	400 	440 	
3 	377 	401 	441 	
3 	378 	402 	442 	
3 	379 	403 	443 	
3 	380 	404 	444 	
3 	381 	405 	445 	
3 	382 	406 	446 	
3 	383 	407 	447 	
3 	384 	408 	448 	
3 	385 	409 	449 	
3 	386 	410 	450 	
3 	387 	411 	421 	
3 	388 	412 	422 	
3 	389 	413 	423 	
3 	390 	414 	424 	
3 	361 	416 	434 	
3 	362 	417 	435 	
3 	363 	418 	436 	
3 	364 	419 	437 	
3 	365 	420 	438 	
3 	366 	391 	439 	
3 	367 	392 	440 	
3 	368 	393 	441 	
3 	369 	394 	442 	
3 	370 	395 	443 	
3 	371 	396 	444 	
3 	372 	397 	445 	
3 	373 	398 	446 	
3 	374 	399 	447 	
3 	375 	400 	448 	
3 	376 	401 	449 	
3 	377 	402 	450 	
3 	378 	403 	421 	
3 	379 	404 	422 	
3 	380 	405 	423 	
3 	381 	406 	424 	
3 	382 	407 	425 	
3 	383 	408 	426 	
3 	384 	409 	427 	
3 	385 	410 	428 	
3 	386 	411 	429 	
3 	387 	412 	430 	
3 	388 	413 	431 	
3 	389 	414 	432 	
3 	390 	415 	433 	
5 	1 	91 	181 	271 	361 	
5 	2 	92 	182 	272 	362 	
5 	3 	93 	183 	273 	363 	
5 	4 	94 	184 	274 	364 	
5 	5 	95 	185 	275 	365 	
5 	6 	96 	186 	276 	366 	
5 	7 	97 	187 	277 	367 	
5 	8 	98 	188 	278 	368 	
5 	9 	99 	189 	279 	369 	
5 	10 	100 	190 	280 	370 	
5 	11 	101 	191 	281 	371 	
5 	12 	102 	192 	282 	372 	
5 	13 	103 	193 	283 	373 	
5 	14 	104 	194 	284 	374 	
5 	15 	105 	195 	285 	375 	
5 	16 	106 	196 	286 	376 	
5 	17 	107 	197 	287 	377 	
5 	18 	108 	198 	288 	378 	
5 	19 	109 	199 	289 	379 	
5 	20 	110 	200 	290 	380 	
5 	21 	111 	201 	291 	381 	
5 	22 	112 	202 	292 	382 	
5 	23 	113 	203 	293 	383 	
5 	24 	114 	204 	294 	384 	
5 	25 	115 	205 	295 	385 	
5 	26 	116 	206 	296 	386 	
5 	27 	117 	207 	297 	387 	
5 	28 	118 	208 	298 	388 	
5 	29 	119 	209 	299 	389 	
5 	30 	120 	210 	300 	390 	
5 	31 	121 	211 	301 	391 	
5 	32 	122 	212 	302 	392 	
5 	33 	123 	213 	303 	393 	
5 	34 	124 	214 	304 	394 	
5 	35 	125 	215 	305 	395 	
5 	36 	126 	216 	306 	396 	
5 	37 	127 	217 	307 	397 	
5 	38 	128 	218 	308 	398 	
5 	39 	129 	219 	309 	399 	
5 	40 	130 	220 	310 	400 	
5 	41 	131 	221 	311 	401 	
5 	42 	132 	222 	312 	402 	
5 	43 	133 	223 	313 	403 	
5 	44 	134 	224 	314 	404 	
5 	45 	135 	225 	315 	405 	
5 	46 	136 	226 	316 	406 	
5 	47 	137 	227 	317 	407 	
5 	48 	138 	228 	318 	408 	
5 	49 	139 	229 	319 	409 	
5 	50 	140 	230 	320 	410 	
5 	51 	141 	231 	321 	411 	
5 	52 	142 	232 	322 	412 	
5 	53 	143 	233 	323 	413 	
5 	54 	144 	234 	324 	414 	
5 	55 	145 	235 	325 	415 	
5 	56 	146 	236 	326 	416 	
5 	57 	147 	237 	327 	417 	
5 	58 	148 	238 	328 	418 	
5 	59 	149 	239 	329 	419 	
5 	60 	150 	240 	330 	420 	
5 	61 	151 	241 	331 	421 	
5 	62 	152 	242 	332 	422 	
5 	63 	153 	243 	333 	423 	
5 	64 	154 	244 	334 	424 	
5 	65 	155 	245 	335 	425 	
5 	66 	156 	246 	336 	426 	
5 	67 	157 	247 	337 	427 	
5 	68 	158 	248 	338 	428 	
5 	69 	159 	249 	339 	429 	
5 	70 	160 	250 	340 	430 	
5 	71 	161 	251 	341 	431 	
5 	72 	162 	252 	342 	432 	
5 	73 	163 	253 	343 	433 	
5 	74 	164 	254 	344 	434 	
5 	75 	165 	255 	345 	435 	
5 	76 	166 	256 	346 	436 	
5 	77 	167 	257 	347 	437 	
5 	78 	168 	258 	348 	438 	
5 	79 	169 	259 	349 	439 	
5 	80 	170 	260 	350 	440 	
5 	81 	171 	261 	351 	441 	
5 	82 	172 	262 	352 	442 	
5 	83 	173 	263 	353 	443 	
5 	84 	174 	264 	354 	444 	
5 	85 	175 	265 	355 	445 	
5 	86 	176 	266 	356 	446 	
5 	87 	177 	267 	357 	447 	
5 	88 	178 	268 	358 	448 	
5 	89 	179 	269 	359 	449 	
5 	90 	180 	270 	360 	450 	
5 	1 	119 	197 	277 	366 	
5 	2 	120 	198 	278 	367 	
5 	3 	91 	199 	279 	368 	
5 	4 	92 	200 	280 	369 	
5 	5 	93 	201 	281 	370 	
5 	6 	94 	202 	282 	371 	
5 	7 	95 	203 	283 	372 	
5 	8 	96 	204 	284 	373 	
5 	9 	97 	205 	285 	374 	
5 	10 	98 	206 	286 	375 	
5 	11 	99 	207 	287 	376 	
5 	12 	100 	208 	288 	377 	
5 	13 	101 	209 	289 	378 	
5 	14 	102 	210 	290 	379 	
5 	15 	103 	181 	291 	380 	
5 	16 	104 	182 	292 	381 	
5 	17 	105 	183 	293 	382 	
5 	18 	106 	184 	294 	383 	
5 	19 	107 	185 	295 	384 	
5 	20 	108 	186 	296 	385 	
5 	21 	109 	187 	297 	386 	
5 	22 	110 	188 	298 	387 	
5 	23 	111 	189 	299 	388 	
5 	24 	112 	190 	300 	389 	
5 	25 	113 	191 	271 	390 	
5 	26 	114 	192 	272 	361 	
5 	27 	115 	193 	273 	362 	
5 	28 	116 	194 	274 	363 	
5 	29 	117 	195 	275 	364 	
5 	30 	118 	196 	276 	365 	
5 	31 	149 	227 	307 	396 	
5 	32 	150 	228 	308 	397 	
5 	33 	121 	229 	309 	398 	
5 	34 	122 	230 	310 	399 	
5 	35 	123 	231 	311 	400 	
5 	36 	124 	232 	312 	401 	
5 	37 	125 	233 	313 	402 	
5 	38 	126 	234 	314 	403 	
5 	39 	127 	235 	315 	404 	
5 	40 	128 	236 	316 	405 	
5 	41 	129 	237 	317 	406 	
5 	42 	130 	238 	318 	407 	
5 	43 	131 	239 	319 	408 	
5 	44 	132 	240 	320 	409 	
5 	45 	133 	211 	321 	410 	
5 	46 	134 	212 	322 	411 	
5 	47 	135 	213 	323 	412 	
5 	48 	136 	214 	324 	413 	
5 	49 	137 	215 	325 	414 	
5 	50 	138 	216 	326 	415 	
5 	51 	139 	217 	327 	416 	
5 	52 	140 	218 	328 	417 	
5 	53 	141 	219 	329 	418 	
5 	54 	142 	220 	330 	419 	
5 	55 	143 	221 	301 	420 	
5 	56 	144 	222 	302 	391 	
5 	57 	145 	223 	303 	392 	
5 	58 	146 	224 	304 	393 	
5 	59 	147 	225 	305 	394 	
5 	60 	148 	226 	306 	395 	
5 	61 	179 	257 	337 	426 	
5 	62 	180 	258 	338 	427 	
5 	63 	151 	259 	339 	428 	
5 	64 	152 	260 	340 	429 	
5 	65 	153 	261 	341 	430 	
5 	66 	154 	262 	342 	431 	
5 	67 	155 	263 	343 	432 	
5 	68 	156 	264 	344 	433 	
5 	69 	157 	265 	345 	434 	
5 	70 	158 	266 	346 	435 	
5 	71 	159 	267 	347 	436 	
5 	72 	160 	268 	348 	437 	
5 	73 	161 	269 	349 	438 	
5 	74 	162 	270 	350 	439 	
5 	75 	163 	241 	351 	440 	
5 	76 	164 	242 	352 	441 	
5 	77 	165 	243 	353 	442 	
5 	78 	166 	244 	354 	443 	
5 	79 	167 	245 	355 	444 	
5 	80 	168 	246 	356 	445 	
5 	81 	169 	247 	357 	446 	
5 	82 	170 	248 	358 	447 	
5 	83 	171 	249 	359 	448 	
5 	84 	172 	250 	360 	449 	
5 	85 	173 	251 	331 	450 	
5 	86 	174 	252 	332 	421 	
5 	87 	175 	253 	333 	422 	
5 	88 	176 	254 	334 	423 	
5 	89 	177 	255 	335 	424 	
5 	90 	178 	256 	336 	425 	
5 	1 	105 	200 	297 	378 	
5 	2 	106 	201 	298 	379 	
5 	3 	107 	202 	299 	380 	
5 	4 	108 	203 	300 	381 	
5 	5 	109 	204 	271 	382 	
5 	6 	110 	205 	272 	383 	
5 	7 	111 	206 	273 	384 	
5 	8 	112 	207 	274 	385 	
5 	9 	113 	208 	275 	386 	
5 	10 	114 	209 	276 	387 	
5 	11 	115 	210 	277 	388 	
5 	12 	116 	181 	278 	389 	
5 	13 	117 	182 	279 	390 	
5 	14 	118 	183 	280 	361 	
5 	15 	119 	184 	281 	362 	
5 	16 	120 	185 	282 	363 	
5 	17 	91 	186 	283 	364 	
5 	18 	92 	187 	284 	365 	
5 	19 	93 	188 	285 	366 	
5 	20 	94 	189 	286 	367 	
5 	21 	95 	190 	287 	368 	
5 	22 	96 	191 	288 	369 	
5 	23 	97 	192 	289 	370 	
5 	24 	98 	193 	290 	371 	
5 	25 	99 	194 	291 	372 	
5 	26 	100 	195 	292 	373 	
5 	27 	101 	196 	293 	374 	
5 	28 	102 	197 	294 	375 	
5 	29 	103 	198 	295 	376 	
5 	30 	104 	199 	296 	377 	
5 	31 	135 	230 	327 	408 	
5 	32 	136 	231 	328 	409 	
5 	33 	137 	232 	329 	410 	
5 	34 	138 	233 	330 	411 	
5 	35 	139 	234 	301 	412 	
5 	36 	140 	235 	302 	413 	
5 	37 	141 	236 	303 	414 	
5 	38 	142 	237 	304 	415 	
5 	39 	143 	238 	305 	416 	
5 	40 	144 	239 	306 	417 	
5 	41 	145 	240 	307 	418 	
5 	42 	146 	211 	308 	419 	
5 	43 	147 	212 	309 	420 	
5 	44 	148 	213 	310 	391 	
5 	45 	149 	214 	311 	392 	
5 	46 	150 	215 	312 	393 	
5 	47 	121 	216 	313 	394 	
5 	48 	122 	217 	314 	395 	
5 	49 	123 	218 	315 	396 	
5 	50 	124 	219 	316 	397 	
5 	51 	125 	220 	317 	398 	
5 	52 	126 	221 	318 	399 	
5 	53 	127 	222 	319 	400 	
5 	54 	128 	223 	320 	401 	
5 	55 	129 	224 	321 	402 	
5 	56 	130 	225 	322 	403 	
5 	57 	131 	226 	323 	404 	
5 	58 	132 	227 	324 	405 	
5 	59 	133 	228 	325 	406 	
5 	60 	134 	229 	326 	407 	
5 	61 	165 	260 	357 	438 	
5 	62 	166 	261 	358 	439 	
5 	63 	167 	262 	359 	440 	
5 	64 	168 	263 	360 	441 	
5 	65 	169 	264 	331 	442 	
5 	66 	170 	265 	332 	443 	
5 	67 	171 	266 	333 	444 	
5 	68 	172 	267 	334 	445 	
5 	69 	173 	268 	335 	446 	
5 	70 	174 	269 	336 	447 	
5 	71 	175 	270 	337 	448 	
5 	72 	176 	241 	338 	449 	
5 	73 	177 	242 	339 	450 	
5 	74 	178 	243 	340 	421 	
5 	75 	179 	244 	341 	422 	
5 	76 	180 	245 	342 	423 	
5 	77 	151 	246 	343 	424 	
5 	78 	152 	247 	344 	425 	
5 	79 	153 	248 	345 	426 	
5 	80 	154 	249 	346 	427 	
5 	81 	155 	250 	347 	428 	
5 	82 	156 	251 	348 	429 	
5 	83 	157 	252 	349 	430 	
5 	84 	158 	253 	350 	431 	
5 	85 	159 	254 	351 	432 	
5 	86 	160 	255 	352 	433 	
5 	87 	161 	256 	353 	434 	
5 	88 	162 	257 	354 	435 	
5 	89 	163 	258 	355 	436 	
5 	90 	164 	259 	356 	437 	
8 	1 	31 	61 	91 	121 	751 	841 	931 	
8 	2 	32 	62 	92 	122 	752 	842 	932 	
8 	3 	33 	63 	93 	123 	753 	843 	933 	
8 	4 	34 	64 	94 	124 	754 	844 	934 	
8 	5 	35 	65 	95 	125 	755 	845 	935 	
8 	6 	36 	66 	96 	126 	756 	846 	936 	
8 	7 	37 	67 	97 	127 	757 	847 	937 	
8 	8 	38 	68 	98 	128 	758 	848 	938 	
8 	9 	39 	69 	99 	129 	759 	849 	939 	
8 	10 	40 	70 	100 	130 	760 	850 	940 	
8 	11 	41 	71 	101 	131 	761 	851 	941 	
8 	12 	42 	72 	102 	132 	762 	852 	942 	
8 	13 	43 	73 	103 	133 	763 	853 	943 	
8 	14 	44 	74 	104 	134 	764 	854 	944 	
8 	15 	45 	75 	105 	135 	765 	855 	945 	
8 	16 	46 	76 	106 	136 	766 	856 	946 	
8 	17 	47 	77 	107 	137 	767 	857 	947 	
8 	18 	48 	78 	108 	138 	768 	858 	948 	
8 	19 	49 	79 	109 	139 	769 	859 	949 	
8 	20 	50 	80 	110 	140 	770 	860 	950 	
8 	21 	51 	81 	111 	141 	771 	861 	951 	
8 	22 	52 	82 	112 	142 	772 	862 	952 	
8 	23 	53 	83 	113 	143 	773 	863 	953 	
8 	24 	54 	84 	114 	144 	774 	864 	954 	
8 	25 	55 	85 	115 	145 	775 	865 	955 	
8 	26 	56 	86 	116 	146 	776 	866 	956 	
8 	27 	57 	87 	117 	147 	777 	867 	957 	
8 	28 	58 	88 	118 	148 	778 	868 	958 	
8 	29 	59 	89 	119 	149 	779 	869 	959 	
8 	30 	60 	90 	120 	150 	780 	870 	960 	
8 	1 	59 	77 	97 	126 	781 	871 	961 	
8 	2 	60 	78 	98 	127 	782 	872 	962 	
8 	3 	31 	79 	99 	128 	783 	873 	963 	
8 	4 	32 	80 	100 	129 	784 	874 	964 	
8 	5 	33 	81 	101 	130 	785 	875 	965 	
8 	6 	34 	82 	102 	131 	786 	876 	966 	
8 	7 	35 	83 	103 	132 	787 	877 	967 	
8 	8 	36 	84 	104 	133 	788 	878 	968 	
8 	9 	37 	85 	105 	134 	789 	879 	969 	
8 	10 	38 	86 	106 	135 	790 	880 	970 	
8 	11 	39 	87 	107 	136 	791 	881 	971 	
8 	12 	40 	88 	108 	137 	792 	882 	972 	
8 	13 	41 	89 	109 	138 	793 	883 	973 	
8 	14 	42 	90 	110 	139 	794 	884 	974 	
8 	15 	43 	61 	111 	140 	795 	885 	975 	
8 	16 	44 	62 	112 	141 	796 	886 	976 	
8 	17 	45 	63 	113 	142 	797 	887 	977 	
8 	18 	46 	64 	114 	143 	798 	888 	978 	
8 	19 	47 	65 	115 	144 	799 	889 	979 	
8 	20 	48 	66 	116 	145 	800 	890 	980 	
8 	21 	49 	67 	117 	146 	801 	891 	981 	
8 	22 	50 	68 	118 	147 	802 	892 	982 	
8 	23 	51 	69 	119 	148 	803 	893 	983 	
8 	24 	52 	70 	120 	149 	804 	894 	984 	
8 	25 	53 	71 	91 	150 	805 	895 	985 	
8 	26 	54 	72 	92 	121 	806 	896 	986 	
8 	27 	55 	73 	93 	122 	807 	897 	987 	
8 	28 	56 	74 	94 	123 	808 	898 	988 	
8 	29 	57 	75 	95 	124 	809 	899 	989 	
8 	30 	58 	76 	96 	125 	810 	900 	990 	
8 	1 	45 	80 	117 	138 	811 	901 	991 	
8 	2 	46 	81 	118 	139 	812 	902 	992 	
8 	3 	47 	82 	119 	140 	813 	903 	993 	
8 	4 	48 	83 	120 	141 	814 	904 	994 	
8 	5 	49 	84 	91 	142 	815 	905 	995 	
8 	6 	50 	85 	92 	143 	816 	906 	996 	
8 	7 	51 	86 	93 	144 	817 	907 	997 	
8 	8 	52 	87 	94 	145 	818 	908 	998 	
8 	9 	53 	88 	95 	146 	819 	909 	999 	
8 	10 	54 	89 	96 	147 	820 	910 	1000 	
8 	11 	55 	90 	97 	148 	821 	911 	1001 	
8 	12 	56 	61 	98 	149 	822 	912 	1002 	
8 	13 	57 	62 	99 	150 	823 	913 	1003 	
8 	14 	58 	63 	100 	121 	824 	914 	1004 	
8 	15 	59 	64 	101 	122 	825 	915 	1005 	
8 	16 	60 	65 	102 	123 	826 	916 	1006 	
8 	17 	31 	66 	103 	124 	827 	917 	1007 	
8 	18 	32 	67 	104 	125 	828 	918 	1008 	
8 	19 	33 	68 	105 	126 	829 	919 	1009 	
8 	20 	34 	69 	106 	127 	830 	920 	1010 	
8 	21 	35 	70 	107 	128 	831 	921 	1011 	
8 	22 	36 	71 	108 	129 	832 	922 	1012 	
8 	23 	37 	72 	109 	130 	833 	923 	1013 	
8 	24 	38 	73 	110 	131 	834 	924 	1014 	
8 	25 	39 	74 	111 	132 	835 	925 	1015 	
8 	26 	40 	75 	112 	133 	836 	926 	1016 	
8 	27 	41 	76 	113 	134 	837 	927 	1017 	
8 	28 	42 	77 	114 	135 	838 	928 	1018 	
8 	29 	43 	78 	115 	136 	839 	929 	1019 	
8 	30 	44 	79 	116 	137 	840 	930 	1020 	
8 	151 	181 	211 	241 	271 	751 	843 	947 	
8 	152 	182 	212 	242 	272 	752 	844 	948 	
8 	153 	183 	213 	243 	273 	753 	845 	949 	
8 	154 	184 	214 	244 	274 	754 	846 	950 	
8 	155 	185 	215 	245 	275 	755 	847 	951 	
8 	156 	186 	216 	246 	276 	756 	848 	952 	
8 	157 	187 	217 	247 	277 	757 	849 	953 	
8 	158 	188 	218 	248 	278 	758 	850 	954 	
8 	159 	189 	219 	249 	279 	759 	851 	955 	
8 	160 	190 	220 	250 	280 	760 	852 	956 	
8 	161 	191 	221 	251 	281 	761 	853 	957 	
8 	162 	192 	222 	252 	282 	762 	854 	958 	
8 	163 	193 	223 	253 	283 	763 	855 	959 	
8 	164 	194 	224 	254 	284 	764 	856 	960 	
8 	165 	195 	225 	255 	285 	765 	857 	931 	
8 	166 	196 	226 	256 	286 	766 	858 	932 	
8 	167 	197 	227 	257 	287 	767 	859 	933 	
8 	168 	198 	228 	258 	288 	768 	860 	934 	
8 	169 	199 	229 	259 	289 	769 	861 	935 	
8 	170 	200 	230 	260 	290 	770 	862 	936 	
8 	171 	201 	231 	261 	291 	771 	863 	937 	
8 	172 	202 	232 	262 	292 	772 	864 	938 	
8 	173 	203 	233 	263 	293 	773 	865 	939 	
8 	174 	204 	234 	264 	294 	774 	866 	940 	
8 	175 	205 	235 	265 	295 	775 	867 	941 	
8 	176 	206 	236 	266 	296 	776 	868 	942 	
8 	177 	207 	237 	267 	297 	777 	869 	943 	
8 	178 	208 	238 	268 	298 	778 	870 	944 	
8 	179 	209 	239 	269 	299 	779 	841 	945 	
8 	180 	210 	240 	270 	300 	780 	842 	946 	
8 	151 	209 	227 	247 	276 	781 	873 	977 	
8 	152 	210 	228 	248 	277 	782 	874 	978 	
8 	153 	181 	229 	249 	278 	783 	875 	979 	
8 	154 	182 	230 	250 	279 	784 	876 	980 	
8 	155 	183 	231 	251 	280 	785 	877 	981 	
8 	156 	184 	232 	252 	281 	786 	878 	982 	
8 	157 	185 	233 	253 	282 	787 	879 	983 	
8 	158 	186 	234 	254 	283 	788 	880 	984 	
8 	159 	187 	235 	255 	284 	789 	881 	985 	
8 	160 	188 	236 	256 	285 	790 	882 	986 	
8 	161 	189 	237 	257 	286 	791 	883 	987 	
8 	162 	190 	238 	258 	287 	792 	884 	988 	
8 	163 	191 	239 	259 	288 	793 	885 	989 	
8 	164 	192 	240 	260 	289 	794 	886 	990 	
8 	165 	193 	211 	261 	290 	795 	887 	961 	
8 	166 	194 	212 	262 	291 	796 	888 	962 	
8 	167 	195 	213 	263 	292 	797 	889 	963 	
8 	168 	196 	214 	264 	293 	798 	890 	964 	
8 	169 	197 	215 	265 	294 	799 	891 	965 	
8 	170 	198 	216 	266 	295 	800 	892 	966 	
8 	171 	199 	217 	267 	296 	801 	893 	967 	
8 	172 	200 	218 	268 	297 	802 	894 	968 	
8 	173 	201 	219 	269 	298 	803 	895 	969 	
8 	174 	202 	220 	270 	299 	804 	896 	970 	
8 	175 	203 	221 	241 	300 	805 	897 	971 	
8 	176 	204 	222 	242 	271 	806 	898 	972 	
8 	177 	205 	223 	243 	272 	807 	899 	973 	
8 	178 	206 	224 	244 	273 	808 	900 	974 	
8 	179 	207 	225 	245 	274 	809 	871 	975 	
8 	180 	208 	226 	246 	275 	810 	872 	976 	
8 	151 	195 	230 	267 	288 	811 	903 	1007 	
8 	152 	196 	231 	268 	289 	812 	904 	1008 	
8 	153 	197 	232 	269 	290 	813 	905 	1009 	
8 	154 	198 	233 	270 	291 	814 	906 	1010 	
8 	155 	199 	234 	241 	292 	815 	907 	1011 	
8 	156 	200 	235 	242 	293 	816 	908 	1012 	
8 	157 	201 	236 	243 	294 	817 	909 	1013 	
8 	158 	202 	237 	244 	295 	818 	910 	1014 	
8 	159 	203 	238 	245 	296 	819 	911 	1015 	
8 	160 	204 	239 	246 	297 	820 	912 	1016 	
8 	161 	205 	240 	247 	298 	821 	913 	1017 	
8 	162 	206 	211 	248 	299 	822 	914 	1018 	
8 	163 	207 	212 	249 	300 	823 	915 	1019 	
8 	164 	208 	213 	250 	271 	824 	916 	1020 	
8 	165 	209 	214 	251 	272 	825 	917 	991 	
8 	166 	210 	215 	252 	273 	826 	918 	992 	
8 	167 	181 	216 	253 	274 	827 	919 	993 	
8 	168 	182 	217 	254 	275 	828 	920 	994 	
8 	169 	183 	218 	255 	276 	829 	921 	995 	
8 	170 	184 	219 	256 	277 	830 	922 	996 	
8 	171 	185 	220 	257 	278 	831 	923 	997 	
8 	172 	186 	221 	258 	279 	832 	924 	998 	
8 	173 	187 	222 	259 	280 	833 	925 	999 	
8 	174 	188 	223 	260 	281 	834 	926 	1000 	
8 	175 	189 	224 	261 	282 	835 	927 	1001 	
8 	176 	190 	225 	262 	283 	836 	928 	1002 	
8 	177 	191 	226 	263 	284 	837 	929 	1003 	
8 	178 	192 	227 	264 	285 	838 	930 	1004 	
8 	179 	193 	228 	265 	286 	839 	901 	1005 	
8 	180 	194 	229 	266 	287 	840 	902 	1006 	
8 	301 	331 	361 	391 	421 	751 	855 	942 	
8 	302 	332 	362 	392 	422 	752 	856 	943 	
8 	303 	333 	363 	393 	423 	753 	857 	944 	
8 	304 	334 	364 	394 	424 	754 	858 	945 	
8 	305 	335 	365 	395 	425 	755 	859 	946 	
8 	306 	336 	366 	396 	426 	756 	860 	947 	
8 	307 	337 	367 	397 	427 	757 	861 	948 	
8 	308 	338 	368 	398 	428 	758 	862 	949 	
8 	309 	339 	369 	399 	429 	759 	863 	950 	
8 	310 	340 	370 	400 	430 	760 	864 	951 	
8 	311 	341 	371 	401 	431 	761 	865 	952 	
8 	312 	342 	372 	402 	432 	762 	866 	953 	
8 	313 	343 	373 	403 	433 	763 	867 	954 	
8 	314 	344 	374 	404 	434 	764 	868 	955 	
8 	315 	345 	375 	405 	435 	765 	869 	956 	
8 	316 	346 	376 	406 	436 	766 	870 	957 	
8 	317 	347 	377 	407 	437 	767 	841 	958 	
8 	318 	348 	378 	408 	438 	768 	842 	959 	
8 	319 	349 	379 	409 	439 	769 	843 	960 	
8 	320 	350 	380 	410 	440 	770 	844 	931 	
8 	321 	351 	381 	411 	441 	771 	845 	932 	
8 	322 	352 	382 	412 	442 	772 	846 	933 	
8 	323 	353 	383 	413 	443 	773 	847 	934 	
8 	324 	354 	384 	414 	444 	774 	848 	935 	
8 	325 	355 	385 	415 	445 	775 	849 	936 	
8 	326 	356 	386 	416 	446 	776 	850 	937 	
8 	327 	357 	387 	417 	447 	777 	851 	938 	
8 	328 	358 	388 	418 	448 	778 	852 	939 	
8 	329 	359 	389 	419 	449 	779 	853 	940 	
8 	330 	360 	390 	420 	450 	780 	854 	941 	
8 	301 	359 	377 	397 	426 	781 	885 	972 	
8 	302 	360 	378 	398 	427 	782 	886 	973 	
8 	303 	331 	379 	399 	428 	783 	887 	974 	
8 	304 	332 	380 	400 	429 	784 	888 	975 	
8 	305 	333 	381 	401 	430 	785 	889 	976 	
8 	306 	334 	382 	402 	431 	786 	890 	977 	
8 	307 	335 	383 	403 	432 	787 	891 	978 	
8 	308 	336 	384 	404 	433 	788 	892 	979 	
8 	309 	337 	385 	405 	434 	789 	893 	980 	
8 	310 	338 	386 	406 	435 	790 	894 	981 	
8 	311 	339 	387 	407 	436 	791 	895 	982 	
8 	312 	340 	388 	408 	437 	792 	896 	983 	
8 	313 	341 	389 	409 	438 	793 	897 	984 	
8 	314 	342 	390 	410 	439 	794 	898 	985 	
8 	315 	343 	361 	411 	440 	795 	899 	986 	
8 	316 	344 	362 	412 	441 	796 	900 	987 	
8 	317 	345 	363 	413 	442 	797 	871 	988 	
8 	318 	346 	364 	414 	443 	798 	872 	989 	
8 	319 	347 	365 	415 	444 	799 	873 	990 	
8 	320 	348 	366 	416 	445 	800 	874 	961 	
8 	321 	349 	367 	417 	446 	801 	875 	962 	
8 	322 	350 	368 	418 	447 	802 	876 	963 	
8 	323 	351 	369 	419 	448 	803 	877 	964 	
8 	324 	352 	370 	420 	449 	804 	878 	965 	
8 	325 	353 	371 	391 	450 	805 	879 	966 	
8 	326 	354 	372 	392 	421 	806 	880 	967 	
8 	327 	355 	373 	393 	422 	807 	881 	968 	
8 	328 	356 	374 	394 	423 	808 	882 	969 	
8 	329 	357 	375 	395 	424 	809 	883 	970 	
8 	330 	358 	376 	396 	425 	810 	884 	971 	
8 	301 	345 	380 	417 	438 	811 	915 	1002 	
8 	302 	346 	381 	418 	439 	812 	916 	1003 	
8 	303 	347 	382 	419 	440 	813 	917 	1004 	
8 	304 	348 	383 	420 	441 	814 	918 	1005 	
8 	305 	349 	384 	391 	442 	815 	919 	1006 	
8 	306 	350 	385 	392 	443 	816 	920 	1007 	
8 	307 	351 	386 	393 	444 	817 	921 	1008 	
8 	308 	352 	387 	394 	445 	818 	922 	1009 	
8 	309 	353 	388 	395 	446 	819 	923 	1010 	
8 	310 	354 	389 	396 	447 	820 	924 	1011 	
8 	311 	355 	390 	397 	448 	821 	925 	1012 	
8 	312 	356 	361 	398 	449 	822 	926 	1013 	
8 	313 	357 	362 	399 	450 	823 	927 	1014 	
8 	314 	358 	363 	400 	421 	824 	928 	1015 	
8 	315 	359 	364 	401 	422 	825 	929 	1016 	
8 	316 	360 	365 	402 	423 	826 	930 	1017 	
8 	317 	331 	366 	403 	424 	827 	901 	1018 	
8 	318 	332 	367 	404 	425 	828 	902 	1019 	
8 	319 	333 	368 	405 	426 	829 	903 	1020 	
8 	320 	334 	369 	406 	427 	830 	904 	991 	
8 	321 	335 	370 	407 	428 	831 	905 	992 	
8 	322 	336 	371 	408 	429 	832 	906 	993 	
8 	323 	337 	372 	409 	430 	833 	907 	994 	
8 	324 	338 	373 	410 	431 	834 	908 	995 	
8 	325 	339 	374 	411 	432 	835 	909 	996 	
8 	326 	340 	375 	412 	433 	836 	910 	997 	
8 	327 	341 	376 	413 	434 	837 	911 	998 	
8 	328 	342 	377 	414 	435 	838 	912 	999 	
8 	329 	343 	378 	415 	436 	839 	913 	1000 	
8 	330 	344 	379 	416 	437 	840 	914 	1001 	
8 	451 	481 	511 	541 	571 	751 	865 	935 	
8 	452 	482 	512 	542 	572 	752 	866 	936 	
8 	453 	483 	513 	543 	573 	753 	867 	937 	
8 	454 	484 	514 	544 	574 	754 	868 	938 	
8 	455 	485 	515 	545 	575 	755 	869 	939 	
8 	456 	486 	516 	546 	576 	756 	870 	940 	
8 	457 	487 	517 	547 	577 	757 	841 	941 	
8 	458 	488 	518 	548 	578 	758 	842 	942 	
8 	459 	489 	519 	549 	579 	759 	843 	943 	
8 	460 	490 	520 	550 	580 	760 	844 	944 	
8 	461 	491 	521 	551 	581 	761 	845 	945 	
8 	462 	492 	522 	552 	582 	762 	846 	946 	
8 	463 	493 	523 	553 	583 	763 	847 	947 	
8 	464 	494 	524 	554 	584 	764 	848 	948 	
8 	465 	495 	525 	555 	585 	765 	849 	949 	
8 	466 	496 	526 	556 	586 	766 	850 	950 	
8 	467 	497 	527 	557 	587 	767 	851 	951 	
8 	468 	498 	528 	558 	588 	768 	852 	952 	
8 	469 	499 	529 	559 	589 	769 	853 	953 	
8 	470 	500 	530 	560 	590 	770 	854 	954 	
8 	471 	501 	531 	561 	591 	771 	855 	955 	
8 	472 	502 	532 	562 	592 	772 	856 	956 	
8 	473 	503 	533 	563 	593 	773 	857 	957 	
8 	474 	504 	534 	564 	594 	774 	858 	958 	
8 	475 	505 	535 	565 	595 	775 	859 	959 	
8 	476 	506 	536 	566 	596 	776 	860 	960 	
8 	477 	507 	537 	567 	597 	777 	861 	931 	
8 	478 	508 	538 	568 	598 	778 	862 	932 	
8 	479 	509 	539 	569 	599 	779 	863 	933 	
8 	480 	510 	540 	570 	600 	780 	864 	934 	
8 	451 	509 	527 	547 	576 	781 	895 	965 	
8 	452 	510 	528 	548 	577 	782 	896 	966 	
8 	453 	481 	529 	549 	578 	783 	897 	967 	
8 	454 	482 	530 	550 	579 	784 	898 	968 	
8 	455 	483 	531 	551 	580 	785 	899 	969 	
8 	456 	484 	532 	552 	581 	786 	900 	970 	
8 	457 	485 	533 	553 	582 	787 	871 	971 	
8 	458 	486 	534 	554 	583 	788 	872 	972 	
8 	459 	487 	535 	555 	584 	789 	873 	973 	
8 	460 	488 	536 	556 	585 	790 	874 	974 	
8 	461 	489 	537 	557 	586 	791 	875 	975 	
8 	462 	490 	538 	558 	587 	792 	876 	976 	
8 	463 	491 	539 	559 	588 	793 	877 	977 	
8 	464 	492 	540 	560 	589 	794 	878 	978 	
8 	465 	493 	511 	561 	590 	795 	879 	979 	
8 	466 	494 	512 	562 	591 	796 	880 	980 	
8 	467 	495 	513 	563 	592 	797 	881 	981 	
8 	468 	496 	514 	564 	593 	798 	882 	982 	
8 	469 	497 	515 	565 	594 	799 	883 	983 	
8 	470 	498 	516 	566 	595 	800 	884 	984 	
8 	471 	499 	517 	567 	596 	801 	885 	985 	
8 	472 	500 	518 	568 	597 	802 	886 	986 	
8 	473 	501 	519 	569 	598 	803 	887 	987 	
8 	474 	502 	520 	570 	599 	804 	888 	988 	
8 	475 	503 	521 	541 	600 	805 	889 	989 	
8 	476 	504 	522 	542 	571 	806 	890 	990 	
8 	477 	505 	523 	543 	572 	807 	891 	961 	
8 	478 	506 	524 	544 	573 	808 	892 	962 	
8 	479 	507 	525 	545 	574 	809 	893 	963 	
8 	480 	508 	526 	546 	575 	810 	894 	964 	
8 	451 	495 	530 	567 	588 	811 	925 	995 	
8 	452 	496 	531 	568 	589 	812 	926 	996 	
8 	453 	497 	532 	569 	590 	813 	927 	997 	
8 	454 	498 	533 	570 	591 	814 	928 	998 	
8 	455 	499 	534 	541 	592 	815 	929 	999 	
8 	456 	500 	535 	542 	593 	816 	930 	1000 	
8 	457 	501 	536 	543 	594 	817 	901 	1001 	
8 	458 	502 	537 	544 	595 	818 	902 	1002 	
8 	459 	503 	538 	545 	596 	819 	903 	1003 	
8 	460 	504 	539 	546 	597 	820 	904 	1004 	
8 	461 	505 	540 	547 	598 	821 	905 	1005 	
8 	462 	506 	511 	548 	599 	822 	906 	1006 	
8 	463 	507 	512 	549 	600 	823 	907 	1007 	
8 	464 	508 	513 	550 	571 	824 	908 	1008 	
8 	465 	509 	514 	551 	572 	825 	909 	1009 	
8 	466 	510 	515 	552 	573 	826 	910 	1010 	
8 	467 	481 	516 	553 	574 	827 	911 	1011 	
8 	468 	482 	517 	554 	575 	828 	912 	1012 	
8 	469 	483 	518 	555 	576 	829 	913 	1013 	
8 	470 	484 	519 	556 	577 	830 	914 	1014 	
8 	471 	485 	520 	557 	578 	831 	915 	1015 	
8 	472 	486 	521 	558 	579 	832 	916 	1016 	
8 	473 	487 	522 	559 	580 	833 	917 	1017 	
8 	474 	488 	523 	560 	581 	834 	918 	1018 	
8 	475 	489 	524 	561 	582 	835 	919 	1019 	
8 	476 	490 	525 	562 	583 	836 	920 	1020 	
8 	477 	491 	526 	563 	584 	837 	921 	991 	
8 	478 	492 	527 	564 	585 	838 	922 	992 	
8 	479 	493 	528 	565 	586 	839 	923 	993 	
8 	480 	494 	529 	566 	587 	840 	924 	994 	
8 	601 	631 	661 	691 	721 	751 	866 	944 	
8 	602 	632 	662 	692 	722 	752 	867 	945 	
8 	603 	633 	663 	693 	723 	753 	868 	946 	
8 	604 	634 	664 	694 	724 	754 	869 	947 	
8 	605 	635 	665 	695 	725 	755 	870 	948 	
8 	606 	636 	666 	696 	726 	756 	841 	949 	
8 	607 	637 	667 	697 	727 	757 	842 	950 	
8 	608 	638 	668 	698 	728 	758 	843 	951 	
8 	609 	639 	669 	699 	729 	759 	844 	952 	
8 	610 	640 	670 	700 	730 	760 	845 	953 	
8 	611 	641 	671 	701 	731 	761 	846 	954 	
8 	612 	642 	672 	702 	732 	762 	847 	955 	
8 	613 	643 	673 	703 	733 	763 	848 	956 	
8 	614 	644 	674 	704 	734 	764 	849 	957 	
8 	615 	645 	675 	705 	735 	765 	850 	958 	
8 	616 	646 	676 	706 	736 	766 	851 	959 	
8 	617 	647 	677 	707 	737 	767 	852 	960 	
8 	618 	648 	678 	708 	738 	768 	853 	931 	
8 	619 	649 	679 	709 	739 	769 	854 	932 	
8 	620 	650 	680 	710 	740 	770 	855 	933 	
8 	621 	651 	681 	711 	741 	771 	856 	934 	
8 	622 	652 	682 	712 	742 	772 	857 	935 	
8 	623 	653 	683 	713 	743 	773 	858 	936 	
8 	624 	654 	684 	714 	744 	774 	859 	937 	
8 	625 	655 	685 	715 	745 	775 	860 	938 	
8 	626 	656 	686 	716 	746 	776 	861 	939 	
8 	627 	657 	687 	717 	747 	777 	862 	940 	
8 	628 	658 	688 	718 	748 	778 	863 	941 	
8 	629 	659 	689 	719 	749 	779 	864 	942 	
8 	630 	660 	690 	720 	750 	780 	865 	943 	
8 	601 	659 	677 	697 	726 	781 	896 	974 	
8 	602 	660 	678 	698 	727 	782 	897 	975 	
8 	603 	631 	679 	699 	728 	783 	898 	976 	
8 	604 	632 	680 	700 	729 	784 	899 	977 	
8 	605 	633 	681 	701 	730 	785 	900 	978 	
8 	606 	634 	682 	702 	731 	786 	871 	979 	
8 	607 	635 	683 	703 	732 	787 	872 	980 	
8 	608 	636 	684 	704 	733 	788 	873 	981 	
8 	609 	637 	685 	705 	734 	789 	874 	982 	
8 	610 	638 	686 	706 	735 	790 	875 	983 	
8 	611 	639 	687 	707 	736 	791 	876 	984 	
8 	612 	640 	688 	708 	737 	792 	877 	985 	
8 	613 	641 	689 	709 	738 	793 	878 	986 	
8 	614 	642 	690 	710 	739 	794 	879 	987 	
8 	615 	643 	661 	711 	740 	795 	880 	988 	
8 	616 	644 	662 	712 	741 	796 	881 	989 	
8 	617 	645 	663 	713 	742 	797 	882 	990 	
8 	618 	646 	664 	714 	743 	798 	883 	961 	
8 	619 	647 	665 	715 	744 	799 	884 	962 	
8 	620 	648 	666 	716 	745 	800 	885 	963 	
8 	621 	649 	667 	717 	746 	801 	886 	964 	
8 	622 	650 	668 	718 	747 	802 	887 	965 	
8 	623 	651 	669 	719 	748 	803 	888 	966 	
8 	624 	652 	670 	720 	749 	804 	889 	967 	
8 	625 	653 	671 	691 	750 	805 	890 	968 	
8 	626 	654 	672 	692 	721 	806 	891 	969 	
8 	627 	655 	673 	693 	722 	807 	892 	970 	
8 	628 	656 	674 	694 	723 	808 	893 	971 	
8 	629 	657 	675 	695 	724 	809 	894 	972 	
8 	630 	658 	676 	696 	725 	810 	895 	973 	
8 	601 	645 	680 	717 	738 	811 	926 	1004 	
8 	602 	646 	681 	718 	739 	812 	927 	1005 	
8 	603 	647 	682 	719 	740 	813 	928 	1006 	
8 	604 	648 	683 	720 	741 	814 	929 	1007 	
8 	605 	649 	684 	691 	742 	815 	930 	1008 	
8 	606 	650 	685 	692 	743 	816 	901 	1009 	
8 	607 	651 	686 	693 	744 	817 	902 	1010 	
8 	608 	652 	687 	694 	745 	818 	903 	1011 	
8 	609 	653 	688 	695 	746 	819 	904 	1012 	
8 	610 	654 	689 	696 	747 	820 	905 	1013 	
8 	611 	655 	690 	697 	748 	821 	906 	1014 	
8 	612 	656 	661 	698 	749 	822 	907 	1015 	
8 	613 	657 	662 	699 	750 	823 	908 	1016 	
8 	614 	658 	663 	700 	721 	824 	909 	1017 	
8 	615 	659 	664 	701 	722 	825 	910 	1018 	
8 	616 	660 	665 	702 	723 	826 	911 	1019 	
8 	617 	631 	666 	703 	724 	827 	912 	1020 	
8 	618 	632 	667 	704 	725 	828 	913 	991 	
8 	619 	633 	668 	705 	726 	829 	914 	992 	
8 	620 	634 	669 	706 	727 	830 	915 	993 	
8 	621 	635 	670 	707 	728 	831 	916 	994 	
8 	622 	636 	671 	708 	729 	832 	917 	995 	
8 	623 	637 	672 	709 	730 	833 	918 	996 	
8 	624 	638 	673 	710 	731 	834 	919 	997 	
8 	625 	639 	674 	711 	732 	835 	920 	998 	
8 	626 	640 	675 	712 	733 	836 	921 	999 	
8 	627 	641 	676 	713 	734 	837 	922 	1000 	
8 	628 	642 	677 	714 	735 	838 	923 	1001 	
8 	629 	643 	678 	715 	736 	839 	924 	1002 	
8 	630 	644 	679 	716 	737 	840 	925 	1003 	
